270

510

600

1290

810

30

630

720

1410

630

1170

1020

870

300

750

750

810

420

780

1050

390

1140

1470

600

540

30

1110

300

1140

960

1350

930

570

510

1260

1110

450

1290

120

30

570

1290

1170

690

1260

990

1020

180

180

150

1320

870

1350

300

480

450

1380

120

300

1200

870

1110

930

390

690

1050

870

870

1140

810

240

810

1080

90

480

420

630

1380

690

870

930

330

30

1110

840

1110

330

450

1080

1230

690

1410

1440

930

1440

450

180

1230

120

840

1500

690

540

570

1440

840

150

1050

90

570

1140

210

420

30

1260

60

300

1380

870

480

840

720

810

1200

720

180

1200

570

1410

1440

510

300

1050

510

810

240

90

30

990

1140

810

870

900

630

30

600

1050

870

1110

300

1320

150

300

930

30

1230

1380

420

1230

780

450

1230

1470

450

90

1230

1230

990

510

240

780

570

1230

330

270

1230

750

900

1140

1140

1320

630

840

150

180

540

1020

1200

900

510

1260

1230

1170

930

870

660

780

840

1140

840

450

390

600

390

510

1410

1290

930

300

750

1170

1020

1500

750

840

1440

120

510

990

240

540

1140

1050

840

1500

1200

780

1230

960

1350

600

930

1230

1410

1380

510

1140

240

1350

1500

270

60

900

330

450

90

1110

660

960

1050

720

1260

690

990

1500

300

1050

360

270

30

450

1140

120

390

840

720

150

1320

990

1290

1470

990

1170

30

600

960

690

90

1470

480

990

1200

270

180

840

1230

1290

990

630

840

210

720

90

1140

1170

900

1080

1500

390

1170

870

390

510

900

720

480

840

1500

1140

180

1380

1380

930

1170

300

360

570

210

510

60

870

210

1080

1050

1200

1350

360

1050

1260

630

150

540

870

330

1440

960

780

1320

690

1080

450

720

450

1230

1290

360

810

30

720

840

1350

630

90

750

1470

1380

1500

510

1020

1350

1080

660

60

210

1350

180

180

780

1110

1500

300

840

510

330

960

480

270

510

1200

1470

1170

120

1170

90

780

210

870

60

180

330

750

810

450

600

420

660

300

90

120

900

1500

870

690

60

1380

420

1170

300

570

1500

600

60

210

30

780

900

570

540

1050

570

330

870

150

360

840

1410

1500

90

450

1170

1140

810

450

360

1020

270

240

1470

360

420

1410

450

960

960

1470

360

570

360

1020

30

1170

1350

870

810

60

1200

60

210

120

1470

180

750

870

1230

1200

1140

510

990

480

90

480

480

810

90

120

930

750

1320

660

600

90

840

720

210

1260

630

780

900

90

420

1170

1110

810

1050

210

1410

510

1320

360

660

1110

570

1290

1260

390

1320

60

1500

450

720

60

900

780

660

750

1080

900

960

660

210

720

1200

30

450

810

150

870

630

60

630

990

630

30

330

1020

270

660

1350

360

510

480

270

990

1500

450

870

1320

570

1470

1200

1350

960

450

510

1410

420

330

210

30

1080

630

540

90

1230

1110

1140

690

1470

30

180

1290

90

600

180

900

510

1080

330

1020

570

330

900

420

480

720

180

270

1170

1290

210

1140

1350

390

540

540

750

60

900

900

810

1110

30

750

300

420

1470

690

1020

1140

900

720

1020

540

630

420

900

630

840

120

1440

930

360

750

1380

630

570

900

660

1380

480

120

780

690

1470

1260

600

240

1110

900

600

1080

960

450

660

90

150

930

540

1080

120

960

60

210

930

180

150

90

1110

390

210

1260

1500

480

630

330

1140

600

840

780

1410

780

1500

330

1080

900

1290

1320

210

270

480

360

750

60

1440

30

1470

270

1500

270

510

450

750

780

210

750

1380

750

540

60

1500

1320

450

870

150

900

330

480

420

120

150

1380

1260

300

510

750

1380

750

990

1230

660

240

1350

570

1410

1380

1500

1350

480

1140

330

90

30

480

510

600

780

690

1200

270

120

780

1260

480

840

450

390

1380

120

630

1200

360

1320

120

930

300

1410

210

540

1110

150

1410

1500

1050

1350

1410

1200

480

1170

450

1110

720

1170

660

1500

90

1200

300

420

1350

1320

150

630

360

1050

1140

600

1260

1050

930

510

1500

1500

780

870

960

1350

390

420

1230

720

450

30

90

1320

780

210

840

60

1260

870

300

570

1500

1410

690

810

420

360

1410

1200

570

150

690

150

750

1290

750

540

1170

120

300

540

60

1110

900

450

1500

1350

990

630

720

990

810

1410

1410

1050

240

270

150

870

150

1110

480

1080

540

1500

1200

630

720

360

750

240

810

1440

480

780

180

300

360

60

690

990

300

810

120

390

1470

660

720

780

1260

150

660

630

570

1200

90

1500

930

120

1170

930

810

300

1290

1260

690

1170

1290

690

570

1350

1050

1110

390

360

480

360

960

1260

570

630

1320

1470

150

390

750

1410

270

1260

960

450

210

60

780

750

1230

180

1290

360

1080

930

30

210

1110

750

960

1230

990

900

60

240

540

480

990

960

1050

1050

30

60

1320

720

360

420

1170

810

420

1320

450

1110

810

1140

750

330

420

1440

1050

210

1290

1290

90

870

510

1260

450

25080

24600

24450

24630

27390

24120

25590

26550

29730

29250

25920

28470

29430

28830

24540

29010

24480

24690

28950

26190

27840

27840

25320

25470

24510

