20
6838
17
323
71
497
495
841
965
232
897
202
285
961
87
988
558
939
503
350
7033
18
628
408
573
726
950
579
445
751
691
71
559
206
582
418
170
268
78
19
1223
18
168
547
915
2
282
129
787
151
652
905
40
572
621
856
976
155
581
386
6827
19
966
947
603
390
238
289
773
837
8
423
851
381
974
255
917
185
974
494
92
3641
11
78
214
269
747
629
762
194
128
379
99
972
896
14
63
469
188
16
986
164
41
273
630
841
692
310
705
680
912
14
883
658
864
528
557
184
334
484
478
602
626
192
958
93
9748
17
348
362
924
665
962
477
619
722
378
146
209
807
588
864
827
307
944
2998
20
387
641
371
595
213
78
213
449
237
252
417
752
969
968
108
492
852
293
621
222
1902
15
344
300
279
541
836
233
156
25
65
480
286
303
850
490
892
7554
19
165
250
505
294
451
985
499
986
465
237
374
502
387
471
558
34
109
462
366
6697
17
368
357
459
132
416
458
152
896
939
540
471
121
963
335
82
332
694
5965
20
374
146
336
21
810
90
228
251
362
64
792
222
691
971
954
860
302
780
28
113
3170
20
590
958
403
924
835
560
180
773
39
998
637
243
260
171
274
815
221
375
615
869
7425
19
178
273
569
434
650
784
45
344
998
539
574
545
895
17
344
54
14
868
241
5768
18
602
50
207
646
706
376
671
725
634
532
116
117
680
802
40
902
854
59
1499
20
977
926
974
435
528
560
859
653
245
242
996
290
246
386
662
943
423
195
804
248
2227
14
108
79
404
347
343
506
171
224
967
575
413
400
845
961
8366
20
422
165
336
424
507
907
966
591
524
221
923
817
695
397
688
761
265
180
970
187
8123
80
483
666
451
955
663
949
788
207
93
617
305
204
278
886
307
112
482
657
56
201
966
218
747
977
463
26
575
255
897
645
508
933
72
325
211
31
682
315
341
536
449
907
762
588
26
465
453
236
732
477
423
588
522
55
877
145
129
51
469
383
643
549
810
35
401
913
278
95
823
777
111
551
258
240
136
470
440
1000
25
969
