85
33
16577
541
5587
3044
15897
24806
11638
24135
10787
12890
18870
21408
9786
7257
5121
16918
21693
20934
5362
16773
1955
14686
6229
22223
18655
13045
20762
5693
14722
23847
2079
11987
12168
34
5774
14874
11070
21745
18117
7421
6304
14248
4906
18443
21314
18897
10878
24586
20905
10565
16532
2226
14547
18180
22778
625
5367
1945
77
4555
19333
7223
4200
10104
14850
10528
18098
21653
52
23791
15949
23531
18188
2127
24898
11410
11370
7933
16870
16389
17296
8485
4752
3283
22142
19618
3541
10405
23616
22989
15154
10739
1400
18308
277
20441
12634
161
24331
6703
9579
6947
5256
13186
8027
15660
6256
6698
23266
14618
17852
13961
5739
4855
16338
1060
16474
19153
7543
10027
12309
67
1193
21690
12900
984
5741
385
5186
14394
22244
8671
4215
13562
20359
20350
17602
17225
24384
10556
9495
16761
18327
10318
23769
574
16195
10131
7522
21955
23780
15696
24168
6519
4594
18433
17179
23712
9503
288
23287
12442
23578
21092
16440
9352
24052
19450
21472
16887
6241
24869
10284
2250
7015
7564
19901
18201
23022
10048
21954
8030
2385
17138
18428
24103
18705
19848
18613
54
19626
14040
228
23508
7100
24161
3066
651
11528
23650
10736
11361
3988
8710
21743
3121
21027
12918
7301
1947
13088
13593
2727
24818
21921
10754
9418
19983
20613
640
253
18714
100
10078
15487
6376
7487
12153
14139
11663
20253
9842
16484
287
24939
18327
24553
9624
11147
6848
22126
24762
18266
5127
135
13376
20247
18686
13819
187
20948
18275
13989
13504
11854
6927
10330
5536
18663
23326
6063
18861
10354
16272
21271
19157
2733
21082
16541
22714
10807
19884
23105
11192
3312
16529
3431
751
12610
6232
7782
7189
16762
13277
17963
13658
9605
23627
19199
19230
16820
11041
24526
10909
14155
18002
6615
21186
21102
10198
449
17479
4346
18089
1507
10571
13506
2990
15415
13969
22809
4922
18005
10929
11527
3524
17069
24199
1024
20466
11850
24909
23011
17424
15776
16963
15200
9728
5257
22397
18317
13417
6764
5870
20500
24176
19112
14218
3814
11819
11894
14451
629
5565
9650
9188
11225
439
9511
7274
8381
19441
21806
6904
18331
13353
8525
8320
5667
17198
4120
10260
18453
5060
8452
2060
21259
1792
6628
18913
355
18020
19303
9962
21536
20690
4208
9248
22063
2785
20
15191
21937
2545
7337
22435
6206
21238
11536
24529
4715
5480
13934
20882
21230
10528
4140
20617
18085
14109
7906
9
15357
18265
9835
12866
4121
3330
5987
19261
22122
62
12578
18735
16494
19759
23469
17122
196
22265
22950
23383
15732
16801
6864
8384
19345
11065
18820
6937
17956
23184
24396
5157
19098
6435
10704
13333
15203
20982
19429
9491
21247
22559
18991
11408
14160
15108
958
24179
12589
22151
17279
6353
6815
21051
3743
3663
15581
18639
3218
143
2061
14275
2264
24433
16558
19232
23291
23682
7859
10389
14411
11543
90
15419
15130
9244
406
4572
22522
21233
17437
23933
22221
10510
22251
23054
2507
39
5775
12999
3716
20419
1555
11815
12872
8061
18532
15161
6738
15700
13598
16098
13311
17276
2970
9846
11166
23035
181
15114
5149
8125
17990
10629
7431
13158
23124
17117
313
1286
16101
20669
17189
5731
9343
14479
3412
17529
19200
11357
24918
8908
4412
15029
10857
3428
794
5055
20916
7365
14370
9725
1017
1990
2681
12398
18303
19078
17946
21234
7577
51
18919
6012
4440
15245
10906
4817
6690
17497
24402
14086
344
204
7230
2723
20902
23643
24056
20496
14587
18026
10119
23570
14289
22292
23998
2185
23704
14461
4641
12252
5157
5963
8812
18018
13543
17457
10127
17571
19583
23430
12658
17616
12123
22126
12730
8047
22389
24647
11089
1489
17236
808
23611
15935
22183
5001
5742
2305
20229
23771
19408
9134
23829
17024
23982
10980
14614
11457
19879
3469
9412
23254
15313
22658
61
15623
16700
11574
23240
16444
5760
1420
20940
11618
1553
21273
21287
13424
15493
13390
11432
23260
7863
5823
23355
3574
6488
20813
19015
5400
24862
16421
4969
2808
580
5069
18492
23923
13263
2588
24594
5186
2247
23906
20706
9916
6602
8590
18599
5457
19733
15520
18970
1440
3990
2781
21766
22689
10655
22463
15734
2046
7426
5355
14354
24673
13619
7479
14103
21833
12793
18062
971
18027
22673
24692
5150
14649
9199
9010
21357
12520
5688
990
24972
22749
12057
6528
22013
10346
18926
3841
8309
11347
10614
18782
2292
4077
22236
4546
7980
20208
24589
3497
3002
13700
24681
19607
19485
9952
178
2799
8357
21405
22080
17232
10656
23537
21200
3403
23781
6641
3906
22392
20937
4936
22305
4684
3015
23434
9258
20361
1303
11575
23591
3032
10679
15552
17566
8712
14393
5902
21907
7920
12842
463
27
17395
15509
700
9645
10325
10018
11341
24360
2786
11390
23766
1189
13145
17573
531
16529
2542
24371
18735
7727
191
1030
442
17496
2185
20193
12736
208
18826
21050
16471
22337
18506
17212
8815
13590
5014
20289
466
1840
12170
13115
3754
16274
1910
18122
9398
3026
3852
8301
6069
22298
2274
20040
17122
10205
5147
24272
17598
19311
8469
2123
15672
10216
11269
16453
11944
8532
23281
6505
19989
17226
444
20584
5908
24170
15250
14373
21949
19222
21231
2467
2925
18737
18879
21497
14592
3666
9136
22915
13198
4006
20098
10620
16844
16384
18841
21125
19213
18785
11506
2573
20493
23540
1736
3255
24753
14319
9425
4821
610
3726
19771
15797
22596
15571
3717
22077
21869
1377
5205
7675
18111
6944
1503
18704
14671
22992
4444
13928
8125
6395
12840
3492
11263
4965
6798
13283
3407
18036
2543
21374
10184
18064
22794
16177
921
24194
20089
14472
20605
17831
14157
9195
8255
15047
20555
5553
15579
8735
3632
18211
2343
5423
12130
11209
632
24601
22813
22269
17801
24002
1033
152
8946
19639
18450
19656
23727
597
21450
7178
5700
10318
10411
21135
16183
2553
15404
7021
3460
9469
7921
16625
3449
8230
3009
12018
22778
877
15436
17153
5123
22097
15580
2679
18479
5031
18052
4349
6984
18488
6853
18646
17249
17464
19869
17717
20749
19826
16474
12526
9347
2466
19418
15929
18729
17691
5960
8745
10537
22686
8264
20621
21630
17334
87
14319
8776
18393
10634
22267
18739
13380
21082
13744
1282
23343
2575
20072
1423
23839
23679
17278
14560
17612
13544
13479
24978
3599
13905
24857
18271
24792
1955
1467
3864
1897
3056
14577
9590
22756
9345
18989
12576
23307
5826
17312
5468
18203
20095
23468
24035
15756
15725
18512
8533
15757
15204
17013
21962
23036
7784
12038
11983
11431
14999
17398
13173
6179
16599
17423
24026
9668
24687
7613
21854
1353
4330
7824
99
2830
13459
16439
8856
6712
19280
23085
11556
19613
4661
22144
24975
4429
52
16292
19793
5201
17448
19434
4727
22769
15185
4285
23923
12909
4082
23408
14360
11394
1731
17453
7440
4264
13005
7612
20757
18980
14623
14960
21518
23294
15215
9717
21304
15368
17247
18578
1173
1570
16390
8945
7439
17814
18771
21645
9291
22644
11095
21384
5548
8729
14259
15831
23463
958
14911
5
4831
11862
13386
13790
11132
33
15805
21021
19623
13888
11697
5157
13789
19103
9415
1061
12595
2504
6585
15496
20050
2372
10437
4095
17320
5093
10303
12311
20893
24370
4288
8987
11234
14019
15734
3543
9282
622
15480
222
10378
10462
6014
3425
6068
22379
20040
11620
24251
12571
16355
15220
14323
10565
13711
16310
17657
16842
3172
16188
7628
23696
19331
10382
12461
11499
1367
23623
22301
15457
16174
16833
7854
6410
24587
23570
22570
15373
21284
23831
16337
9907
14781
13626
17962
8972
5022
1690
991
9308
24962
3534
5189
12097
1725
17338
13036
7924
3323
11800
10970
8371
21835
2421
10949
21094
16667
21995
10925
10379
18320
5908
1493
22147
7439
460
8757
20368
9622
8566
1786
20257
18102
4833
1491
19935
15387
14967
1288
16279
3853
22665
14043
15586
15335
10254
10839
12917
6271
3686
10913
14100
16263
5834
18097
729
24218
226
19884
23680
1047
6051
24776
5616
24282
8687
2033
3716
361
6743
12563
5270
22426
193
12102
22636
12611
14936
5800
24897
11670
1638
19422
19045
12998
17430
20160
8094
7990
8647
22679
9193
5715
9504
8883
3046
6576
10775
9
1821
21162
1587
21525
20608
7347
12000
4149
22907
19233
24269
22243
608
3159
12643
10593
1952
17723
14910
12144
6898
10403
4386
15969
8344
23147
15676
22205
16163
13348
290
21554
19842
16960
1483
9200
8008
15722
5125
8756
17413
24459
3405
13154
14236
5588
18417
8719
13254
22251
24939
14548
3054
8227
4692
2590
24673
14797
20655
13301
10274
8322
24669
22313
13443
10804
19926
11425
9405
18906
11547
2595
21627
173
5447
23383
17512
11214
12979
6695
9963
6034
7126
4361
14546
2407
2622
2841
565
1947
1450
10159
4685
3169
3010
5469
4406
19763
4037
14193
10022
4055
12210
21806
20551
22509
5769
10083
16459
13432
20123
19652
13425
7813
12597
19692
8054
15431
16991
343
7047
10227
24664
5762
8920
9647
409
8127
21591
6934
17019
20945
3389
21377
11849
4197
7818
22200
1466
12440
2395
1479
17679
24662
4719
429
17640
15118
16109
1597
16487
6263
9707
396
23256
2434
17782
1628
5653
8519
968
11456
19060
13394
15734
8314
20792
10254
4471
14900
20292
19391
5995
21497
21578
19655
4142
12179
6758
11664
16329
15354
22309
16467
10098
11986
2514
6280
12043
9326
20231
5758
5755
8750
15056
1197
18140
23528
7968
17455
18049
24280
12602
9875
12307
14939
21727
16067
13836
12529
7147
10405
6426
8023
20676
21669
6121
19277
765
19017
3133
7607
13518
1458
22987
16243
12881
2329
21335
19501
20198
3276
7767
10827
8797
2089
15250
9366
7603
21298
13019
24495
14516
2859
484
12931
13392
135
23550
16332
16167
15118
7115
5805
21332
7667
3567
11796
15364
23664
13847
6446
5473
12791
8024
9190
24629
20624
17139
15956
11924
16344
3678
15196
21628
13159
19264
2992
23357
609
3432
24873
19257
10504
19214
12517
10719
7956
519
23031
12778
13925
18262
20611
14432
12774
77
10828
2240
23605
20918
9435
11103
21869
2864
18125
16526
9982
16804
6695
19569
11353
12880
8484
13865
16679
12871
17447
21341
13706
19782
2082
23928
8721
9892
9866
3814
15535
5317
20259
22611
956
9279
24473
19840
15458
10223
4876
21158
15649
9220
9830
8420
16343
1027
22141
14437
7399
18377
22569
22271
106
8891
12704
15498
22718
10804
21505
6749
11488
10356
7315
12372
18540
17097
4408
18784
3867
3241
22273
11146
19552
4261
4792
2540
23042
22460
11573
682
22555
3395
1306
18826
200
5043
41
9107
13087
10954
2960
24473
2883
10792
6111
14582
11254
18103
32
968
7774
6653
9870
24664
15509
5515
10095
854
17297
9875
11239
6448
19302
5648
16705
1085
3579
19685
9547
22285
18448
5987
22392
12278
1317
22377
20880
615
17102
12189
7300
4697
13213
5009
15300
12323
2962
5466
10906
22826
9503
2044
10266
15033
4009
1935
3521
18360
11270
15278
16019
9459
12358
16318
8780
24955
12785
21932
3074
9898
8172
8120
24054
23518
23643
24978
14507
21438
15343
16948
8288
2560
24895
19027
18584
4260
24090
16489
7162
1088
1261
23474
11451
20958
2051
7401
13260
6300
12651
1198
12661
24612
16152
289
768
152
19215
18911
24908
18341
22629
12735
23548
9596
6553
14101
15362
9386
13171
16943
14790
19443
20267
2719
18533
12392
14062
12054
6430
15833
13840
12993
4438
21773
15962
4713
12096
3690
24490
9697
10770
19812
19579
5452
1620
14265
22644
24107
13008
24023
20495
1161
13493
22258
7198
16559
15847
1051
7881
9201
10836
3373
5903
930
9692
1892
22892
12461
13201
11858
7434
10888
20454
13945
1543
2922
24665
15913
21144
3882
23456
5674
6809
11458
10424
23250
22149
12593
10075
18097
15020
19357
11923
17466
12532
66
3857
6220
19032
2368
2544
17987
12830
14091
5161
616
4824
8872
14194
2999
22416
15773
2
26
18049
7098
7079
378
19997
13151
22824
3491
16958
10573
9610
4888
13289
19848
13682
21363
8853
9541
22799
3374
2727
6503
21227
13277
11023
21075
8679
21844
21620
23215
8581
22420
21642
12775
2322
6496
6616
18357
16617
3706
15302
7586
3288
7176
14258
20091
12117
3246
69
11484
8428
7533
4119
8402
9180
19999
5766
16659
18627
2531
7930
18613
15335
24024
19161
8315
24049
23838
18520
19265
22735
3245
22580
12634
7646
14418
19471
1702
4136
19258
3300
13475
4272
18892
3837
11063
15628
19070
18230
438
13627
22724
23290
16995
9340
17651
1532
13593
16482
22923
12087
5639
2037
20972
17831
14793
14657
17718
1374
9986
15899
11907
2447
16795
23109
9720
5032
747
48
19873
11617
15146
17453
23334
14762
10754
17748
3357
7945
21882
17667
19039
13084
16945
6306
18539
21789
18522
13252
885
6811
7965
19937
18166
21556
4650
15008
410
1702
7389
20485
13959
22296
10425
10673
3192
1614
22543
612
2663
18634
22205
22915
2194
8032
20054
1801
118
17985
23326
22202
8835
19892
16578
22284
9565
21329
23003
16320
24918
18446
11136
7245
21960
14276
8881
8655
3262
17585
24469
14078
2986
2947
2403
21308
16874
18185
10183
4373
22504
22678
12616
19735
23046
23363
9029
1097
16850
12498
846
21523
16067
15138
7578
402
1080
23872
14734
572
8567
11096
173
20710
1336
23645
8140
4215
5423
14717
11459
13792
3841
21541
175
23299
5895
17116
20878
7147
9052
10689
6819
20570
8387
14328
3630
19986
17097
1831
22325
6314
14526
20088
5929
24898
15662
15178
3274
4551
24136
14967
6818
1782
2387
22719
15615
10257
23556
20564
17342
19960
7995
10927
10984
11560
12821
8763
13003
4395
19267
10026
3946
14348
22
6775
16466
173
4424
13039
19209
20643
10840
8878
15351
1757
15807
22969
4
8576
18329
7120
1207
11472
2119
3405
14005
20291
14640
7978
1677
9673
22548
9704
673
4815
15255
7981
5803
16263
18634
7327
7309
23504
2290
20995
18606
14145
4923
11687
6857
18139
8700
774
11596
6045
23617
4849
24121
20322
22126
19047
7093
13561
21401
590
19106
21034
17520
23064
2498
5637
19565
24540
17930
14221
267
24633
16619
8052
6850
24158
5784
14638
19309
1754
13467
13195
23466
15522
14269
13352
15700
22942
17637
19311
679
238
3973
11913
23855
14405
5123
10621
17569
12586
14118
7844
19754
8333
8022
21573
18595
9597
24488
5910
4636
5576
9449
1800
1521
6215
2198
4147
18339
3994
21602
11384
5873
12438
13976
4911
13778
21011
10583
13187
11164
4345
8592
19206
15108
12413
8540
506
12020
13824
17972
19851
2836
15144
18578
15472
6609
20391
18928
7256
24209
6895
316
22733
21188
3349
21813
834
6748
23054
10552
14769
2076
14619
15525
17329
9764
21447
6118
3094
11595
12854
17303
16330
12561
68
1966
16155
5984
8253
14647
4788
4694
13198
4115
16868
19982
17597
18044
2292
21002
18034
23670
18961
6422
8163
21084
20402
17206
18190
22906
6168
17171
19803
22339
8664
19392
19796
23191
12716
12100
23959
16446
20210
9816
15789
9755
2605
11892
14360
383
27
6795
7509
6592
23809
23298
19775
24660
23128
1587
18636
14935
14561
3014
24983
21372
11251
13553
9702
21207
15566
10519
8357
202
20879
1480
3435
20897
21330
13920
14548
7446
17537
5505
24152
6007
18964
13171
17022
5420
4032
2341
17591
21272
5246
10630
11018
8386
12017
24053
2013
20993
15268
6660
15563
3840
6881
5186
8443
2923
10731
9138
18824
3303
175
1377
414
24434
3910
7763
13199
10748
13293
14748
14833
24531
4484
13817
24890
18520
5490
11785
8187
15444
18512
4684
11123
1690
13192
13455
3461
16347
22346
731
11757
21236
8429
17336
11196
762
8857
6309
18107
7390
16768
1117
20780
21271
17311
21726
3992
9376
13695
6661
24646
18250
17401
3669
21540
23652
12407
9862
21172
2458
10300
10276
18399
11556
15091
24240
24317
142
12148
3100
3684
10920
5399
2470
11340
19698
13209
1799
1554
12227
18385
25001
494
13170
19464
22551
21951
12697
2818
11426
6357
13303
15004
4501
13157
723
23335
2808
11529
5346
18322
6799
3777
20536
2386
12392
7296
24803
10432
15968
23872
11256
13518
18464
15012
2173
17828
9098
7491
19971
12387
2972
6444
21894
24055
21049
5994
3407
2191
15399
8199
13577
7395
18370
2255
1030
18491
2106
15989
19436
8820
7847
13905
23893
21585
560
21391
15828
23828
10795
11790
11380
14939
10782
11869
11146
17268
23667
6034
18079
21406
6678
247
16989
11854
17772
6266
8838
13693
21719
21669
4633
24246
9068
2272
1566
13654
20358
11367
2798
7295
10831
14734
21624
20916
2157
23545
2821
9002
3980
11616
10418
9617
17353
12265
6708
1606
23194
6035
2367
23093
6501
17041
10205
584
11939
8011
14374
1801
6729
8902
20498
2072
15082
2227
16752
21631
22692
11121
571
14279
19125
15666
22902
7127
6372
10023
22039
17496
5619
23819
3938
8701
14675
2097
19453
13498
23148
12501
24013
7087
6217
6218
23410
333
4758
14753
8464
19079
5264
20382
13676
11625
8195
20094
17983
21137
23156
3461
6430
17906
2606
22976
4113
11691
2522
6522
21503
6965
20104
20098
16722
12269
4472
5753
14854
466
1111
6701
7070
15305
3273
23261
1799
18797
18214
10144
12130
22660
10704
8974
11572
11627
9748
11923
5879
81
8291
17927
3895
21934
4154
1814
1632
20426
9401
15605
23809
11055
18015
2283
19401
12442
9999
6999
10971
15856
11277
18066
24597
5475
7987
22138
24778
24135
12552
20872
18235
17221
1955
4673
16978
13745
23138
22192
8805
10583
2268
7130
5867
18157
11422
5352
16720
4096
18365
21684
679
19640
57
19027
15142
16472
4959
4291
4505
14942
5614
5906
5392
1005
1235
22636
17611
14839
6144
1521
5306
24100
16964
4853
10890
21232
21298
3499
11301
12411
3608
6914
783
12571
2778
12134
22705
15824
10248
14602
4727
23649
2651
24644
21800
7863
4178
3029
24974
11536
11040
24107
15981
13117
1536
7336
13921
24108
15479
20119
10111
17388
9454
43
21200
21454
9466
24621
17143
2662
13025
15796
2228
8074
874
23533
4118
12483
6520
3873
9247
4933
22022
3645
20606
24898
24641
14625
4545
4900
13880
1679
20386
17964
11227
1555
21199
3839
12815
18093
6794
14258
1814
16367
5194
14549
13278
34
24594
8761
22709
9945
2641
24577
24849
18357
11408
2606
14245
17281
22990
19628
3416
22043
20668
535
14291
24251
4340
9034
23590
22756
3870
4670
22193
1400
1889
13194
8184
23772
12906
23882
36
5344
10481
21468
5937
10278
12130
15106
10123
16364
4900
12175
15176
1848
24924
21545
23143
24135
6502
1417
12198
23694
673
12477
4118
11344
10832
6608
3642
22178
2487
21440
17401
4654
15670
22039
1555
87
2761
5289
93
17601
17593
8097
19807
15953
1534
298
13332
1473
24577
21891
7050
8451
6016
6518
2987
16303
5852
13589
12678
12778
10074
24927
7101
21888
23090
14698
9677
8663
3957
9744
13234
9429
23982
19496
18948
5647
6332
19545
1959
22384
2549
14126
14278
11924
3137
2351
18316
7135
1886
22567
6407
4869
16918
8696
14996
7331
23693
18207
8807
23679
4613
14250
8896
18991
22269
13815
22211
17205
546
5077
23048
4308
20880
4775
18838
5656
22127
24612
7152
4745
2387
22227
17223
28
18595
2464
24408
12447
8725
12991
3432
12576
1996
10799
23801
13716
3289
7135
3313
568
875
12787
786
8159
20985
414
22932
11530
20803
2784
5987
10289
91
7280
10420
12427
14085
14730
2503
5219
20260
7156
1179
22168
6339
13442
13957
2479
984
24689
8232
23352
12178
8080
20025
15980
3177
23784
16067
1700
8744
15983
6785
16100
582
10820
8988
17224
24467
20031
5799
6581
18776
18305
4628
16569
11097
8237
4804
12565
7171
15860
14784
11169
17833
20538
1161
688
10569
203
18690
21896
11471
1645
2588
15385
13714
1415
14602
19802
7769
10129
17746
3347
3895
12202
7212
8834
15929
24489
16449
18189
8726
10066
13178
6183
2967
11686
1380
1149
12677
17314
20764
8862
250
19606
3150
13651
20750
23776
24856
9213
9014
22167
4579
9237
18862
11665
23763
14727
24762
18276
15189
18922
4963
15861
24485
4974
23472
8591
18911
5996
23669
22725
5059
7197
1447
24894
5595
12672
12592
195
18012
19650
1166
8805
4570
2955
18131
14196
6601
23388
21974
12692
16686
9420
24780
23311
13645
24927
9517
20635
20772
9762
20711
3386
1350
8260
9484
1073
13588
24496
15016
20678
5957
17753
8807
23774
13026
3638
22038
5650
18848
11455
21353
15543
8287
5099
15017
1033
10024
17788
3436
14274
14610
15248
15336
15865
11085
15343
13622
187
8622
13059
21907
11428
13906
665
3530
7640
12964
17495
15121
23930
8949
5847
9812
14413
1398
23080
3894
6206
11244
2175
20927
20300
24811
9597
3174
17518
1340
11210
24378
1944
13005
17109
12246
7929
13064
6825
14250
8426
15756
15995
18332
23199
6775
10749
17664
8487
15569
5974
23907
24636
12093
18285
11029
23771
17433
12899
1621
16164
1289
23726
17846
9775
14340
16107
20241
18906
14016
20536
18420
20101
8028
18333
11931
24839
5943
534
23852
12544
15866
10795
19129
9678
14424
20475
11713
478
18938
10646
6581
12777
9681
19561
17662
20382
17137
2240
13898
3556
17944
13329
23855
14663
7860
7068
13191
19519
10520
12333
7794
22480
707
19092
8850
21786
15648
20675
16184
12223
13670
14451
24478
8133
9644
10264
3061
13106
14523
17033
17021
13565
16228
11245
24678
3562
14304
11396
24579
16808
17803
16695
22938
2576
17265
14516
5109
20699
10392
8410
12030
9305
22654
211
10902
21456
7589
16978
10284
12002
11434
12505
5225
13441
24703
11283
23587
15251
16110
8367
2202
17409
13326
23982
15552
17280
16079
22910
644
21973
11370
4441
18337
17399
18918
2545
1460
1767
8162
23754
21560
23867
17857
7483
24712
19756
2524
6337
15100
10239
2696
20380
19690
12322
6539
24975
9423
15928
13736
23720
19948
10048
2148
4769
11307
13087
2628
18875
8442
932
9040
267
11934
5122
8361
24544
24998
887
9482
8697
9730
1325
24942
1539
2512
7056
17378
11439
15235
20479
16623
23366
21971
22368
19927
24645
14105
19115
12198
16423
18710
18358
21237
7202
16748
14711
10139
24223
20466
23193
5444
13006
23678
2248
3764
16542
7544
22222
17972
18659
19659
21098
11902
5798
23960
2552
20098
18641
4073
17977
16171
10655
19825
2731
1394
12559
20024
5903
5820
17923
1976
9399
21180
9169
20097
5659
18297
6624
16543
7481
18205
10992
16418
3114
12269
10237
4328
16643
24563
12929
19590
20737
8114
10699
13001
9894
15177
18336
14668
15458
9967
5411
23298
580
4632
11301
20209
17856
10633
22319
13481
5440
20174
2075
12268
2540
21905
21795
4742
8621
21372
22817
13706
20281
17032
16695
9560
12923
7798
9873
1431
1875
77
1256
22790
11282
11829
17056
24030
24895
19610
4793
5832
22603
6829
82
22196
12517
14434
10657
5041
4530
461
10986
11418
23234
15647
23273
13553
20523
2130
16002
22162
3111
4352
12830
18375
18319
20313
20468
24815
21792
2869
2188
18479
473
7980
17946
8866
22513
21484
22524
14084
14587
12799
11117
246
21855
5716
2424
3320
10739
480
12471
19819
4646
17370
13192
9470
7859
12679
1685
19810
3361
17879
2346
22695
15976
17668
1209
4881
21114
7809
10178
23513
10538
20602
7251
21276
3672
24578
22093
12573
19954
7585
14077
23046
8386
64
24601
21869
24251
5965
18825
22814
22365
3519
16062
4121
3462
4483
11869
22730
11561
16639
22649
11778
14127
13589
15675
22425
3748
4242
24268
1358
21246
11523
7247
23263
15798
19502
11454
24901
3059
21884
23310
12501
5394
24562
24179
14113
8902
16328
19318
13645
4901
12053
23900
22853
3983
18412
501
4996
4302
12670
3211
22889
13150
18029
1140
23476
8723
15343
61
22261
11778
1054
12558
2929
19168
19576
7627
11280
7424
19700
24890
15319
23209
16975
20381
16079
3881
4925
8959
13432
23227
10877
505
8710
2357
14186
5848
15606
14047
11257
17670
18109
6550
11289
8366
10997
9732
257
13087
3651
5140
18171
12116
2545
1281
11736
4473
7074
13802
14588
7842
4113
15264
12914
19144
8265
12453
24111
20470
19990
7
12151
361
8831
21648
21594
8135
11074
216
11590
24164
12287
4702
15687
18814
2121
11983
15516
3445
14277
3992
19495
1828
8802
14380
23805
20361
24017
10848
20000
304
19654
13141
10767
8913
10467
22678
8982
12071
4888
16532
17039
7343
23110
18893
18571
10223
16010
11598
14936
6986
4723
8332
14574
12834
14254
6801
8756
5017
22880
5137
20174
13868
16557
18895
13678
3798
13146
2263
11909
1322
10178
24733
7758
1977
9456
15625
20124
16823
10294
14216
15706
10899
7376
2019
11155
17067
22455
14054
4852
5157
15405
6504
3111
17752
20381
19994
3162
1952
10082
8463
3497
2710
4490
14960
23934
10532
20542
9888
23092
15196
10162
19135
22247
4389
22119
18393
170
9994
8749
18453
14804
24005
22177
17928
22315
5361
10238
17814
24095
17611
13536
20082
13938
13949
19464
17012
12474
4003
3459
16516
8646
16254
21492
7312
5676
12025
16302
18411
2731
4751
3097
15100
24764
23939
24819
3282
5527
6937
2425
14910
16932
3575
10706
18518
21031
9760
21600
10683
10854
16102
15962
18028
20971
1118
10893
22714
8314
23747
6821
1037
6362
22388
16482
10437
21513
21724
13671
607
11025
9255
18363
5206
4667
15146
4282
1423
17162
17852
24794
3691
24725
13474
1574
24559
5816
8397
4335
21327
3764
7680
15870
15819
16622
9408
20166
12931
6130
15948
24022
23997
4281
106
23679
16744
172
18519
1478
12434
3012
15440
7680
14250
23032
23369
17695
16404
7672
7310
5913
1705
8137
1369
5781
10919
2009
2904
7229
20509
24835
5013
18043
19647
19006
19147
10854
5238
3460
2800
23711
17736
3519
18804
18356
8640
9079
9012
1755
3464
24958
24519
16423
24886
21040
21808
15015
22933
6674
10501
8116
200
14360
17637
17400
8795
2168
495
2525
7929
15974
1328
5634
18539
16478
16848
6812
19218
2552
14921
14734
24341
10085
14422
20448
10221
20554
2179
2290
13369
6386
18284
18260
18460
4081
12780
18707
11345
8496
10346
21957
2500
18495
13091
13029
14991
20112
10536
11076
21065
10034
24075
9883
6301
24276
5788
7217
23752
17385
7434
13214
3502
19070
19266
11592
29
5805
1419
23660
12451
17573
19615
16409
20466
5214
16384
5455
4950
23784
8133
22176
10449
24319
14520
653
8794
7585
19357
13328
19225
972
339
15388
1306
21664
10796
14190
7052
14258
21155
21335
11024
21420
3736
9445
17045
12008
2697
19107
23555
17900
18886
16167
13110
4205
19455
4498
8846
5963
234
24251
12424
12863
6532
10453
20236
16246
407
18550
23108
17626
3998
16258
12042
12176
3181
1570
17968
14749
21474
7744
15630
7001
4978
17006
752
15123
16684
4357
24536
21189
1167
21502
24771
2544
1502
1048
7632
19983
19588
4075
8593
17553
2824
10847
16187
14631
2670
17012
20660
24203
12543
20332
14865
15105
19401
17858
21351
17980
1210
843
1332
3454
10654
14971
17555
6009
1861
22871
10553
9545
20434
3379
20629
14116
3353
15441
22247
10864
8317
22244
6079
14191
23681
8921
755
10751
21487
11539
7643
22390
5787
43
11479
20188
21418
7398
20998
15911
6923
19570
20277
4363
19538
22903
16427
17244
10030
16780
734
24404
5654
15763
13740
3798
5149
18589
22386
20512
22188
19901
20557
6008
22825
7146
16603
3234
8623
16492
2020
24667
4060
24603
22431
15165
14019
11414
21720
11481
17470
9149
4140
6290
18394
24628
2788
21523
4512
20516
10352
2657
24122
1523
14594
235
24200
2737
22467
22491
735
699
1922
23952
20587
18221
18661
6223
11673
10591
5325
15
16660
9410
19002
12273
23204
8542
5412
15062
6066
2971
14869
11339
22882
17679
21776
8927
23999
805
17763
6246
24423
9429
19988
1812
4496
7401
16400
17737
2490
5871
9908
12064
16813
1560
17897
10536
2348
16752
5597
6099
11739
21721
9925
23397
11101
17312
13645
15329
18239
16262
17877
12467
8683
13032
3951
9467
11137
9219
17578
11344
18089
5694
12351
120
17630
21788
4988
22008
6965
2079
21644
1224
7091
22171
12265
5496
2372
13486
7538
19368
2931
8580
6859
20762
7863
4784
10508
14946
2970
11067
21608
10634
7109
1383
24706
9854
11599
24940
24571
10187
3915
15224
22172
6382
23222
14960
21966
3012
15132
7177
17317
16860
20259
21283
2671
24124
17323
9392
18614
8248
13372
14031
11944
211
24457
2337
9486
3961
23703
15270
10729
2818
9975
18205
5149
17491
3056
19261
20578
52
7903
9098
2335
6894
9802
6228
22745
3208
5279
11633
18656
8361
9523
17564
22668
12826
24501
17020
3343
1218
24426
11975
14510
11921
19006
13862
14783
19587
9730
17828
9656
8330
13649
13775
21682
174
15719
882
9315
9995
23473
21732
6560
14153
10
12891
13298
1163
1916
7639
7078
24887
6542
12490
7977
245
8143
10102
17969
8305
12830
3327
14314
4520
7194
20851
6993
2307
9486
11101
24882
21057
19987
6587
18577
17395
15709
9106
6051
8396
12733
5820
17618
14226
22203
16676
1587
2480
23905
827
16228
22918
2378
1648
10752
7184
18171
2227
2774
15468
18000
15461
5963
2906
1755
21918
7035
1363
16852
15230
4116
17346
1422
24275
18312
10072
17268
19513
16110
18996
1959
20004
3556
9264
20206
22879
6930
2528
14733
9897
217
18161
21397
20683
3996
21791
18320
7801
986
19328
11161
17764
15597
19174
24004
17942
3440
21258
16305
8390
6356
6292
12523
12244
10634
20716
2822
15328
17757
12781
16591
21252
13181
2301
15878
627
11253
20995
11426
6410
12537
7024
15455
8452
2564
1193
13712
824
15792
20640
5026
17564
5899
17370
16692
4947
5687
5780
3421
21040
11536
23379
1583
23634
7119
9780
15786
11548
13250
4320
16712
16403
16262
24917
13410
20
16862
5957
7537
19993
16088
10626
14214
24904
17663
14735
7344
392
22177
24055
1614
1351
7820
8167
10478
18903
18964
12787
23881
13278
20548
19852
21780
18752
24624
5209
17774
18365
712
18132
10733
13861
17334
4600
16649
19239
16786
11406
6517
15973
21905
6086
11919
19931
23536
22345
17396
19484
502
14237
8479
22722
7490
5421
2612
5249
14980
9586
2717
15762
9574
4941
4129
23117
16124
22321
3930
21439
3268
5398
14619
21975
15995
20785
4716
9391
14818
11613
534
3402
16420
1088
20742
3323
12503
7571
8826
4351
10724
13818
18135
8
22642
17878
13143
11474
10034
13568
12160
17096
66
24107
2243
12485
17185
16405
281
20563
15764
11964
14885
24727
288
14675
6491
16625
1272
8390
15547
6172
4421
922
22704
19767
16503
1892
5787
14550
6247
24937
8900
20543
20494
11002
13925
24399
2476
13725
15715
21050
24542
24079
20508
12210
11291
7848
5369
7497
9331
7955
14810
14840
6702
12897
18870
18755
8646
18554
2215
19585
21
19476
8824
16401
23219
2624
13303
36
21047
13894
3066
23079
4654
23829
6011
9634
13669
2526
22757
15102
19470
2740
23065
18653
4389
17965
9982
17954
13592
22897
20206
10684
14695
15851
21003
11137
22434
14789
13473
3451
16013
6100
24941
19760
40
3125
20111
6700
9784
18845
9393
18794
606
17929
22395
23440
14391
22316
22086
5885
17526
14170
10667
22872
19416
13963
8476
22355
13120
16688
3362
14473
11931
23965
4179
12476
16737
1178
20383
18639
19231
53
8252
11596
8841
126
3718
18430
14964
1679
11701
20206
16023
23310
10346
14957
6276
16273
3263
8182
9966
14455
20719
7807
11572
2060
623
9557
14171
12194
1242
21236
17457
13634
2423
5797
11882
2617
5158
9435
14983
10666
94
2050
21247
20675
18488
464
3463
5183
9034
13071
11505
12271
13370
11765
6622
889
6595
15167
10957
22229
60
18490
10007
9372
1086
16461
1986
8329
20682
18128
10791
6338
3002
24924
14883
8054
12873
10679
20673
3333
10406
7511
11837
18329
20776
21396
21138
11819
9900
9943
721
11492
17345
13002
13791
15490
12899
24429
14202
22582
13976
3465
14873
22108
19246
18746
22777
16227
7678
21675
4622
8649
15363
2334
10213
1816
360
14502
2485
5965
13099
224
18284
14895
12777
11437
24434
14694
17352
3194
248
16254
3828
4916
13662
18146
9138
10356
15234
19690
1262
4027
14101
9425
18972
3835
6781
8913
3905
18272
23253
17405
6874
9379
4101
16087
24185
6041
18596
17040
15578
17383
15065
20390
8235
15353
1553
4326
4230
14414
24888
3558
11076
11477
19396
16454
471
866
15367
2451
10294
3677
17169
5690
16614
23370
23997
7311
24881
3240
5836
9606
9052
22135
6094
16672
12075
6140
10061
4198
20652
19618
8021
15197
11367
17908
11738
21910
23177
1407
18345
8726
14332
3526
7621
19490
15588
15871
2472
7550
21571
2032
12634
14056
23930
21580
18006
3178
11085
14494
20374
20418
20677
8163
11428
6556
3475
10169
4240
10820
391
10570
8059
7339
3541
23131
2208
1617
14966
18082
24751
333
7548
7942
4653
20511
17769
3272
16211
3431
11892
16588
695
7946
4920
12950
20314
9486
21363
68
24090
17458
17538
24076
2809
23738
8605
12627
16119
17167
2430
11112
8340
23470
1058
12188
8843
22072
12718
9613
15796
21543
6315
13580
24995
4549
24359
23980
4381
4995
4784
16219
8122
13032
17211
7391
5928
4008
6674
11939
4281
22562
6760
24478
8227
24622
20289
21048
22512
11628
12431
18886
1042
7303
12013
14244
17877
1922
14874
13657
14321
19237
6388
5134
14614
21392
5224
21847
20311
17670
6610
6030
4435
12777
21372
17339
5280
183
10905
24114
10739
6508
10873
9164
4114
23201
21393
22880
5576
21832
12218
12672
14508
18354
7926
14220
1486
20380
24477
14062
9592
10066
19073
15450
8728
5000
10496
4077
4820
1
23251
80
23137
11813
15337
16376
3079
19012
24743
5365
19235
13061
9788
17282
2670
15675
18383
24139
8835
3881
15354
8948
5534
9101
16860
797
15144
8939
2254
7912
18105
19055
23921
10455
12209
22367
1450
11660
6850
8996
857
21095
3944
10200
20967
5246
19457
12288
10210
21183
2314
1901
4069
15256
9347
5321
7609
9635
9693
3130
14332
22838
7570
4831
11687
4012
9697
4794
1555
5853
24974
24920
6114
8583
19541
698
12835
22277
10898
3241
20544
2168
227
18122
6944
20295
343
24955
7501
15586
20415
2325
5632
17255
17283
14490
20663
1524
13113
9064
9539
2947
23832
5020
18970
1869
21419
19466
16434
2389
2707
1911
12126
3438
22678
2467
10078
15654
6448
5633
2783
15791
20465
2103
12400
15624
23607
14537
9007
20166
19174
20246
10216
16213
14389
12187
21175
24644
12422
10226
15197
9319
21976
6548
4438
3272
2664
2168
12940
17935
18315
19099
14095
5098
10869
14111
23931
22496
2280
13711
3217
2642
15485
8251
20762
17718
20433
5535
23884
6362
6824
21450
2119
13979
15651
3867
16622
5374
10357
24945
13804
16641
18424
15402
13791
22264
3930
10120
5701
19533
11853
24115
4530
7091
22996
13950
9902
11784
7260
2070
15965
16662
11178
9354
1915
11154
8188
12572
22820
15307
6141
20206
9674
7251
8356
24164
5776
10563
9543
21108
16948
16726
3292
11788
1192
10949
17114
3307
9454
14011
1549
19706
3650
18483
149
19443
16715
843
3726
18732
5285
15007
6145
7254
6400
20609
23820
11737
23060
9920
21107
14736
8370
8386
17873
17179
5822
17595
2698
18387
6067
24460
21459
9137
18456
4234
8170
13748
20226
2436
16046
8116
9317
7378
6897
12795
22126
9121
19523
8949
2536
16655
12607
3962
15521
14960
21186
4018
19933
8244
14434
2140
17523
14900
23749
785
4796
3576
11009
24267
12370
19846
18679
16348
1876
8635
22160
19971
2878
23659
218
1457
11748
7917
12394
16806
7298
24331
8715
12288
7409
3234
11319
22794
20200
19319
2408
20557
20201
11705
10587
18960
1884
17745
22091
9399
1256
8182
12744
15183
24614
18185
15043
14223
21642
2919
19398
24230
6255
23440
10971
16535
5385
1491
23538
12963
24998
4323
3255
2747
10367
1947
19685
13045
24028
11040
19011
9488
15462
11373
12842
8474
9966
17382
3700
14946
13083
2119
13422
22727
12547
8191
18558
12323
6276
5051
21948
6867
11808
7283
7895
18605
18065
22719
3607
24073
5216
17536
5539
6941
17452
15871
5749
21994
4142
362
7741
18813
18735
7924
13169
24708
7967
14708
5818
21630
3954
16733
7051
14711
20816
9962
1020
13128
4129
7831
21416
16643
7590
7033
1405
19182
18179
16285
444
11037
12307
19789
17612
20183
15490
17731
21010
24287
18934
22834
9731
8379
5117
4216
24048
6230
5654
16223
4485
14679
21320
6948
14162
4408
9345
20578
20100
21368
23357
628
7493
17412
22011
21556
8068
14248
10876
14850
14451
9024
19849
15391
9302
4744
10436
17421
14755
19662
21740
24102
1728
19119
21533
9342
1178
15811
16815
23217
17213
10249
23854
3460
17095
10577
19817
5050
1329
13604
23086
14756
23993
24449
22059
20141
9618
238
5724
15188
23169
16991
13995
11502
671
10964
10240
17464
3129
7581
19712
9758
21638
12693
4087
16
8319
12371
24118
5963
1288
19751
15346
21331
20935
22867
20626
19749
18503
16827
9637
8432
134
13861
8425
2163
5966
20587
11028
22769
2072
24443
15149
3945
16029
5135
16261
78
7875
9106
15692
21104
19689
21629
1595
13445
8655
12843
17761
11764
21627
5901
14787
14185
428
20152
5538
24801
18993
3320
18568
22310
5046
15154
4867
17348
16933
24055
3755
15464
17476
6138
6050
2287
24559
19866
13170
6320
14953
7369
21151
6873
12433
5888
4288
19431
20707
24278
3619
6244
13888
1705
7146
15426
4228
19706
23408
11881
15543
21050
19746
8863
20597
16340
21377
16757
24198
3426
61
20218
22765
22442
24707
5025
21404
9247
21304
19153
4184
6998
6687
8167
3532
2177
22241
10222
23850
503
13344
17617
6935
17589
5456
17730
24096
19723
5404
17079
325
10966
1067
17016
20426
741
18908
18693
23450
13964
9613
14749
22023
16974
4224
8189
15073
14827
6593
40
5455
19894
8743
13037
7763
9758
6624
14088
13322
19430
23648
9645
13173
20574
18272
17752
16068
21071
21460
14695
9084
5003
10591
17926
387
8509
12668
16360
10192
24658
1716
19744
604
7204
12895
168
14681
8440
11569
14781
203
19592
16420
12232
6202
5766
21878
9870
20552
17973
5800
173
19160
395
10987
23554
4118
21841
5877
23544
14164
15515
10142
13013
1455
14436
6482
22161
9024
6042
12758
3140
19784
7048
17245
6187
2964
15727
21404
24970
4674
1828
12334
12837
16555
24950
17161
14036
2469
11056
24163
20744
148
11864
24132
14728
7950
15873
3752
7047
24070
19871
15453
10087
14744
12420
22626
5892
8425
15539
15753
18231
5559
18926
17380
5664
19791
16787
11547
4764
20627
6191
1933
14772
10549
1711
19995
9616
5012
12496
24632
24985
2511
4667
24235
7984
19098
1494
10525
11381
17066
9245
24762
17615
3303
24135
20635
19600
4015
17798
20746
13573
13581
14044
19996
22106
861
7779
8264
10978
9648
20679
12627
2583
13440
5199
697
15615
23682
17652
8531
8535
6356
4423
24109
10067
12323
14117
15266
11414
10479
8014
7147
16114
2655
4352
6308
22602
10024
9856
15324
7874
3805
18308
2377
8064
8163
7679
2037
5048
8238
20957
4306
24261
4473
22999
5563
21471
311
4484
16471
1426
17625
19824
6806
21360
10653
2830
20809
14296
15688
20884
9087
19697
2514
20327
1996
20217
24735
23217
20570
14332
18105
23571
14561
6430
14902
8381
2454
12459
6083
20266
18477
19218
155
23762
20634
16615
9566
12173
6052
1843
17780
13372
2138
22825
21807
3386
19269
24887
1644
14539
24945
11227
5590
20596
7712
15948
15022
6950
8128
14666
11998
5568
23056
925
24811
7176
17805
10215
20268
13057
14032
13792
1017
3726
8715
23764
2961
16485
11555
3377
490
11313
17937
17862
14687
2650
6806
9104
4030
14784
22154
11671
15237
19515
22499
22497
6625
21006
20306
6901
20526
4344
2230
2053
14387
17813
1925
6335
9049
20995
15102
19188
15408
19045
24224
1442
13794
22070
12499
14583
301
18999
18202
24695
21384
1463
12187
23094
17164
7890
1342
13063
347
5598
18825
727
24058
24819
13211
20757
1063
19804
18357
7333
17619
3343
3280
23384
16571
6427
17354
11146
23694
15729
1656
14957
2225
6977
12555
12306
183
9445
3883
21200
17946
21138
23497
8723
17242
18874
17592
8560
15926
3030
13649
769
10838
21576
24575
18714
18950
24866
2686
2584
13071
10058
15048
9897
188
642
9708
14886
5195
7505
17380
23009
4317
21276
18946
9022
15325
15219
15485
19696
3726
6639
18889
773
1088
9427
17465
12221
22149
18857
1302
15508
17624
16648
21240
23378
2101
6474
542
11530
16149
6117
6174
3533
24915
23094
5808
19357
16398
21401
18795
15395
8850
20970
2955
23100
4750
3275
1871
21207
20005
19245
21428
15940
5040
1348
12386
24608
15661
23106
23392
9922
11887
21171
4617
6611
12516
12573
4076
23720
4947
17172
1268
17
4186
6208
3987
20888
282
9668
8242
2343
10388
17863
1006
12829
17668
17799
2006
14908
17187
20327
15708
8481
14947
7565
18492
3193
19139
16234
13079
21816
433
5150
11797
14393
23041
24144
8567
7930
24812
70
14143
3799
9735
17417
8349
24840
17906
2751
21562
15917
19145
6077
1763
18646
3805
834
316
11578
21477
12782
5373
3996
3848
7030
6308
20527
15211
3060
10501
23013
14668
11731
13209
4062
6266
4105
9460
22838
16253
20030
14306
3049
16717
17191
20027
2758
16209
18346
21703
9087
2393
7518
22440
24474
9404
16333
16089
11690
645
15600
22891
12815
11356
2768
16299
16976
7587
11183
3840
7963
22486
111
15433
3440
1037
4042
17364
3288
17744
4428
19499
6550
18651
9911
6758
8382
10072
10630
16867
10493
1570
19604
14700
9299
14958
1321
5470
9881
13982
19349
19052
13476
8945
1319
1718
3525
14976
5613
1604
19418
10999
10347
7211
7268
14420
10276
23265
13016
20697
21957
23941
2531
15693
3062
9401
6659
11705
3286
3654
13873
2596
17275
8740
8877
12093
4221
1944
10687
6052
3503
4671
18142
7412
12960
20307
20356
715
2000
12816
4886
949
3278
14910
21602
22060
400
16670
9252
8699
23508
16403
18577
10475
16260
23604
14307
15456
8370
16329
1044
3952
13840
16569
16848
12907
20301
3801
19226
17602
14221
12348
11184
21316
96
4104
5145
571
76
15687
16175
12070
2420
9293
15433
14257
13614
9336
16922
3343
5522
12714
690
21499
21206
7981
16185
21676
13407
3673
14263
18580
13495
20244
10940
6881
19332
7116
24168
18648
24972
12866
14030
12279
19236
11478
21425
5405
20296
21563
10153
20343
6324
11921
10876
10734
4604
160
936
7727
14491
18681
9803
15420
16526
7215
23378
12789
22052
14691
8197
12015
3001
17273
7212
11720
17919
16682
15392
701
394
10420
24528
17069
2694
22083
10675
9088
522
11163
19881
9285
315
19810
2780
4883
7226
10757
23995
19089
24218
37
8584
20770
19171
2324
19220
14398
21805
15830
3909
11978
22097
11309
13284
10676
4367
20686
20302
17163
21414
11544
10174
4420
4577
24896
19017
2617
3688
12134
13959
4267
3999
4730
13977
19636
17529
9647
23686
79
5088
6407
2566
11177
13684
2479
15093
24804
22354
3503
4024
6281
22566
5824
11562
6416
16349
8182
12414
24978
19578
16683
232
15828
11819
8130
12964
22947
13254
11298
16020
11779
16031
4976
23947
17461
16509
12852
3999
13546
21342
18274
14415
16964
21581
22250
18331
17143
19731
24722
24155
4241
24980
16583
14629
22961
18291
22733
218
21439
6447
19405
4095
9961
24733
13157
230
5418
7612
18153
2617
827
7576
18385
23925
24862
7629
22181
17355
69
3638
3129
10452
19173
13476
707
6436
10176
3955
9010
19979
8624
4938
2380
3261
13690
904
9813
23310
19843
14706
14477
7090
4639
15043
22854
21382
10697
20004
13303
7071
21231
20935
2703
12018
7821
14236
15483
17205
8700
24770
16233
24360
12132
10299
22594
9485
1190
1740
10960
6841
3239
18041
3292
12828
16979
477
9166
11385
7309
17452
20008
15942
19507
24769
24170
10916
873
21115
23
9732
3627
15625
11755
17692
23898
21640
16361
17960
8659
24089
24283
10046
9997
518
19359
7009
2199
17498
9137
17348
19544
16838
57
20487
11029
12333
8095
21319
900
23014
11476
809
20044
1783
6334
5467
20152
1121
15596
24672
8598
10506
4558
14495
1007
24476
5098
6300
5745
8401
11288
16353
19476
16031
16779
19078
18248
4581
889
22247
22138
2241
20055
4209
18893
16762
19076
7140
19988
7572
2712
2913
4146
8918
1612
24557
12477
19041
9439
3875
122
6545
6276
10704
16200
16738
429
23108
17576
14665
16168
8508
9726
24547
9465
23189
16955
13623
3097
20828
2227
18542
18024
21229
5418
2459
2988
24490
21659
8196
22213
23652
19032
2678
13376
14009
18766
22110
20387
9191
21666
20532
3729
8671
17791
24260
6632
15703
18212
11586
981
6051
11872
18837
11861
18025
21881
20761
12429
15698
3303
3567
8230
15152
20352
17538
6718
17299
4392
23762
11877
17150
2134
2103
22394
9618
8606
13675
5312
17767
10126
9690
22787
23221
11512
1049
22987
22435
18098
14216
9000
12843
15818
4145
8142
16110
3961
7590
14831
13777
24903
15265
348
547
17610
602
9505
538
22388
13178
22370
23188
15102
15492
10701
23361
23916
17641
20581
7363
17482
19007
14571
58
22156
20569
2832
3788
8007
2263
24171
12737
2568
2145
5310
12535
2427
13129
21292
20942
4713
12675
19792
4926
8023
17457
13734
5316
4979
24175
20937
7793
17336
4931
19245
9101
15465
22425
43
17148
2344
5948
21929
12533
5724
24103
7198
24311
109
5611
16265
18491
8320
4534
18471
7616
12455
8045
5415
620
13006
23708
237
13234
11611
21125
23608
21322
5858
13923
13452
20946
479
491
15502
14917
4780
7549
18756
19635
17010
1923
14470
19689
5366
16578
13067
431
12032
22399
1228
17204
20759
10275
17930
4854
19561
10135
11824
4153
12234
24557
21444
3917
7475
23597
9909
13072
17338
21226
2138
13304
23852
10157
2223
15185
20853
14528
7888
23921
11653
4832
8267
5588
2902
8560
15781
2906
3023
19270
17352
6136
13316
3790
10289
2063
14446
12869
16598
1747
5946
18695
19368
10088
15769
15944
7521
6435
11982
11123
12271
2590
4846
5075
18023
23284
19688
19451
2489
18017
8121
252
11972
912
10412
2873
10319
11406
8611
5596
12337
17432
20019
571
12090
14550
4009
13006
12742
12880
24430
14821
1921
3760
11311
13007
10554
10713
15033
2756
17184
8116
16782
6407
11142
18416
22890
1238
24460
16977
18227
20187
10581
13119
8207
18418
6520
14336
11576
19330
23988
6877
9602
23533
21459
18563
11730
10782
18516
21807
4289
1406
11391
5256
23685
8107
515
22310
12773
21320
6210
2089
2435
3888
3973
13861
21197
4073
4226
22429
475
14838
1669
19780
13480
15186
13786
16416
8928
7997
16489
2273
19395
18765
7530
11197
6133
4892
17055
3853
3706
8238
5525
2759
10929
21830
2631
19149
3845
352
6926
13987
2218
4752
24728
2963
11643
14933
11859
3657
22408
2601
16225
5363
21621
6414
4043
13618
3893
17292
11923
24089
23967
15042
18315
15408
4820
1131
6088
18195
161
19124
15143
9830
24982
11739
10569
22375
4977
15733
7656
2861
1118
7327
17386
5743
21086
24282
4907
14376
9378
12057
3571
10929
4671
17684
21532
1275
1682
2851
8513
22763
23384
256
4487
1191
5695
16955
9088
14653
15694
5013
19194
2089
22287
19568
7255
10776
21876
21666
5175
17657
22269
17927
12586
3026
1447
9254
19120
21665
7426
10293
3715
15878
11689
13238
22919
11980
5581
16840
10482
20558
23552
12319
1823
7817
21861
2315
10317
12215
18438
10088
15186
16890
3882
15292
20834
19816
10508
21489
15205
3585
3612
3601
3057
18081
8490
2300
1128
5062
807
20100
22097
4814
7437
18864
16014
18665
9128
13790
2278
24516
16027
7390
1926
23245
8918
19221
1620
7804
13816
4290
15809
18204
18967
7503
981
16001
2800
7588
21562
1400
10357
21488
24443
14754
3723
18246
19449
3226
5609
1189
10381
24302
6868
21900
18724
18450
23858
16600
14107
24731
15690
12669
13392
18197
722
13189
15735
19717
1767
2143
126
2353
18725
12133
19947
5944
17100
19404
10398
21818
18775
12872
19545
19861
17381
24584
4607
12575
21163
16725
4196
11068
2958
11909
11492
19561
18694
3072
4004
8783
12987
18593
1186
18249
12370
20352
9271
6056
998
10065
18314
13806
24347
3115
7571
24763
16946
2588
16423
1528
18870
22174
4911
22314
19827
11756
22320
10361
22710
2469
4872
9146
812
16819
10573
3211
12523
15702
13459
6133
18526
10358
10099
16113
4423
7934
5349
5346
24108
2242
7435
22915
17772
14589
832
11335
19858
7917
6107
16330
17229
23347
12822
9105
10397
21518
19706
24738
16745
11587
22549
16214
19317
3819
9503
10976
1224
16498
11235
9527
21379
2432
5942
21705
2766
16066
15854
3902
24217
17924
20359
24394
1806
23008
14816
1378
5844
250
17933
15592
1855
12367
15220
10410
966
21170
23482
10223
13209
21635
15497
8570
11827
673
23112
1475
16643
19606
22126
11267
4006
4373
5929
7236
23394
1941
19449
5413
24725
15770
12014
21068
18783
20266
13388
1172
4541
15468
10841
6685
6061
18718
14422
24021
6250
14249
13427
13046
14970
11936
23658
6553
9511
5267
5094
3715
19864
2459
238
24268
10446
20296
5934
24976
17436
5902
1535
18695
14832
22611
1436
554
19890
14130
11958
3072
21069
10321
17241
17589
3808
20870
18104
3127
11190
6495
16988
12464
8921
24249
17230
5176
23718
22861
359
11875
5922
2758
23789
13811
17319
19986
9470
14830
22491
4500
19416
21495
7421
19567
23757
23602
5630
6669
15283
20251
18194
207
17419
13287
9405
3093
14369
12336
4239
23988
4965
4042
15031
2538
15989
4799
16829
7758
12378
17682
20284
7304
11367
13727
4745
13762
11524
14502
11708
21418
11436
9658
1122
18696
10780
613
14548
13604
23051
11485
1670
8641
13885
25
22789
17131
24344
22803
20249
10209
11504
4734
23771
17011
24410
15140
19849
18741
14220
24359
21767
20502
847
24168
5832
18602
24257
16275
20229
23999
14679
14584
9117
5165
19619
10107
6638
8317
13603
4824
13139
9201
2801
22778
1068
2525
8155
4963
19417
13924
6864
10084
19349
20453
3259
10849
7996
6146
21489
13168
2136
8149
3474
6306
15244
24916
21133
11205
5990
4177
17186
11756
17323
18240
18058
7113
20341
23487
2080
13428
16157
607
1157
12460
8388
17064
5593
15642
23983
20154
22577
4335
246
13995
8454
13744
14500
21257
8271
22949
17890
10572
20514
12547
23434
23735
1096
11247
8350
9968
16932
8874
19990
20167
20105
2608
15096
14684
5462
1152
7954
7443
5159
4627
22771
1809
17146
11867
21864
17660
6674
6011
11703
5274
24660
14865
24540
12130
2082
16886
5044
921
21529
5339
5696
10287
7879
4265
21652
3746
6313
3202
8354
3359
13963
7670
17245
15488
13325
22379
23709
18734
15832
19483
17209
21836
5852
18962
13428
4389
23082
4469
10924
17169
13303
17862
12554
16301
4251
15044
12251
18673
15443
18553
22572
18138
3284
7501
7786
6720
13872
7240
22502
13345
3609
21850
10246
17819
7441
7496
1760
23647
18075
11786
10968
8596
21824
4420
18161
18732
18028
7098
13059
19295
5378
260
14454
789
20949
2163
10618
346
5356
7175
24572
20975
5240
288
13980
9339
20750
24637
16183
5410
12787
7165
12336
14262
6573
8655
342
2582
8355
21110
11277
13549
19260
22078
390
13869
14778
10080
22
7075
19893
8465
19956
20573
6236
9361
7557
7643
21309
21341
4149
11682
2537
17267
7651
15897
18204
1345
18965
24234
9564
3883
6794
8564
4763
13178
188
17027
10400
15065
4310
18359
14894
15053
2651
11372
2267
19374
24663
8775
9429
22856
2209
19344
16995
6620
10126
7988
22247
24890
19091
10433
17559
197
20275
5742
20456
6999
6178
16158
16665
2966
482
14829
3574
13783
19100
23350
22436
11708
17979
7208
14700
20432
18184
23926
2138
12647
13324
9199
18828
16314
1252
15351
17548
224
5788
15222
21652
11559
20923
22038
6213
17089
4800
3215
12495
306
14313
7615
12932
16301
2292
14758
19294
4516
13416
18490
7059
7472
21590
22605
22737
8775
22368
9056
18390
17759
1918
11875
17048
2713
1016
4634
24126
23131
18605
22190
16688
23172
24455
18427
10833
19763
4014
5469
19641
20426
23464
5647
20610
10109
24140
14248
19253
16790
2802
20009
11570
2447
21629
9730
7585
12163
23661
4646
2063
20013
1647
582
24989
14649
181
22482
5980
6068
823
8995
21606
21067
17355
5870
9901
5953
21127
7539
24502
8090
18969
9935
14428
15094
24108
5513
4081
17818
8495
7146
1852
13323
16898
12418
23581
8934
3297
22513
6096
2871
3777
18940
4527
2001
15229
24835
22586
8704
2930
13685
1368
11947
19858
19488
4894
21998
3357
21029
11967
10618
17437
12763
8953
7306
2769
12536
13189
18922
6723
49
1060
19833
23995
7850
10793
191
7766
12722
7298
18845
14414
13356
22803
17301
12398
909
13981
18943
14041
13010
18129
13993
4205
3231
5222
14788
18102
10071
8687
11249
19820
9742
17404
11082
6216
5616
19823
12167
19166
15839
779
17091
2965
898
11528
22843
3151
7936
74
15962
11250
16885
13007
16786
12908
2944
8899
24288
1903
167
2884
24663
12915
13127
9930
8251
23544
23930
15576
23338
1735
19925
24874
11219
19704
9640
12178
22848
14084
21816
9356
3335
169
6807
12110
15140
3047
9901
357
15346
13999
1041
12302
5221
1518
844
10090
9499
24031
16852
16813
21371
22962
14144
2918
13310
18192
21175
913
7737
258
12581
16300
7060
1380
23513
7217
22626
10372
9100
15179
15615
16064
9907
6864
16558
17816
23621
23875
14077
5486
10023
13560
20926
12288
4038
11237
19806
1484
15591
19287
5705
16070
2340
12705
16232
8384
9807
11599
2384
14766
18146
18254
19778
9452
16509
2998
13351
8336
20583
7500
1635
2097
6567
14056
23033
24163
1065
18522
12226
24461
22372
2742
14651
7283
2345
15403
5731
12792
16552
17410
18864
15668
22131
12003
22675
18788
3239
23599
21081
11919
7091
15926
17076
734
24386
2088
13515
10371
1492
23987
18442
21986
10728
16332
6786
10254
24484
5147
3333
18999
17894
4851
5398
20286
14305
15588
19646
5502
3562
1356
7753
19481
19880
10097
13879
2753
9509
24553
1943
16408
22944
19095
22818
18046
18923
14438
12444
663
4523
11039
6832
8918
23423
19825
22148
4818
1699
23199
1053
23611
3038
98
15116
11946
137
20543
22382
16958
8473
6469
5973
9191
23502
18817
11742
8951
12551
17682
17212
23793
5672
10162
2363
10051
5474
2814
18386
15435
21981
6851
20377
17123
6828
7587
9956
21048
15398
15623
21543
16590
3727
4823
6474
11481
7468
11546
17909
21969
23631
15612
24672
3151
5915
1410
5651
1753
22725
11834
18613
11017
1666
17387
12547
19680
2992
19826
5648
24014
22178
10707
11949
5624
22081
7224
2964
4513
1560
784
22242
23464
691
14541
3996
7057
20616
9238
10505
17978
10706
12084
12702
18362
1169
6714
20752
24938
12807
21661
12570
5267
121
6578
23925
7475
2573
10330
10779
2117
21300
17590
15453
17000
21679
12967
14992
24472
7458
3025
10645
6943
19757
9361
147
7414
12982
10471
11994
18872
13710
7471
8796
12127
13805
7001
18010
10906
3197
3717
24553
9994
11603
207
17203
7861
16766
14561
4363
16388
15765
13019
21315
24708
11512
8683
6822
23611
13350
21738
694
13226
11602
18231
14055
14656
4625
18837
1778
4881
8802
18234
15221
9700
15377
13561
7549
10780
3840
7446
10395
9423
5808
17602
22890
17897
4019
1616
16734
15716
14063
16671
11134
975
18478
957
11111
20973
11749
24992
1195
11098
2931
13677
17422
11234
13545
13694
7236
22179
3023
16133
1130
15226
23620
333
3323
24933
16574
213
11164
23077
11226
9985
118
13307
16746
14516
13408
14598
1464
3766
10233
14861
3845
4678
10545
7332
11681
19667
22344
11825
4947
20982
3695
20913
12655
22582
8981
24778
19957
14974
17702
5123
5141
11304
17152
2459
22518
299
9529
5960
16835
20575
11564
24746
7630
17009
19583
1663
9191
8863
15015
8264
10904
18087
8215
24111
6091
20448
1776
22868
24410
295
9785
3189
22749
20066
16113
3219
10912
9701
15253
8247
7380
22327
13398
4127
17266
4876
3278
10387
11231
8992
19608
23814
2639
21256
3395
13883
6384
20165
18046
11342
3706
9684
11374
18007
22761
2282
1031
4159
18261
14991
4121
7502
5524
8330
16823
7555
24106
22775
1719
18505
155
11734
10082
7458
804
3205
21806
20703
18326
127
15055
10916
288
13004
339
17315
1573
17970
677
19619
8551
9666
12301
15981
11226
3561
23696
20237
3964
8574
5911
22775
20981
11927
18439
6965
4252
15975
7835
3951
23047
6917
22293
21509
9839
3671
2788
10475
21198
14075
8068
10130
14934
16216
24643
16102
14013
3985
17293
22322
14754
1273
614
1655
11195
18988
18203
4464
2697
10124
5702
24122
22166
7978
3213
1134
11256
8387
17924
11816
6896
10866
16024
8159
13623
289
23580
1422
16831
8864
6347
14914
2259
21173
4593
20235
1855
10150
14770
16421
13544
4347
22663
24200
9991
15272
17316
14565
1205
3019
12410
6332
11792
23212
16613
13099
18567
2603
20087
12732
17030
5720
20273
18960
819
2395
1215
6686
8697
11208
3245
7565
907
22014
723
9253
12089
132
22802
4303
10569
16195
23482
6675
18368
390
6749
6187
3859
24824
8332
3240
21442
18058
19566
17419
10848
7304
16924
23552
18671
6310
18280
19852
19782
1652
23184
12174
22920
5662
1997
20359
18977
22751
13482
6001
16729
23978
3285
16550
10119
17075
16216
9312
14730
14235
10146
11706
24226
7393
9542
3218
2115
11292
15105
5166
1295
19119
7663
15276
17085
7135
1303
4746
1078
10538
16181
6530
21463
9628
24872
18277
14228
3428
3643
1768
17915
6589
15512
13600
3205
6810
10803
14027
22830
20035
9774
23581
11805
20783
5688
22080
18779
11334
1523
7376
4839
16327
11778
11391
22946
10342
6822
8635
24567
12960
23022
9670
20082
2763
15715
11795
19582
5205
5401
24537
1663
11811
3343
16542
21126
20503
10876
12853
21298
24743
11322
8761
22533
10840
1607
23834
13795
491
17228
21779
12100
22324
6283
11339
15684
19160
21043
1794
13836
18541
2868
10252
5993
16766
12491
1612
12037
14086
21569
5567
15113
22548
14485
3797
1666
21985
1642
17778
8328
23192
8437
16585
7100
1101
16937
274
17204
3978
12223
4916
14766
12308
12777
1545
389
15990
10602
17711
21482
8336
2486
23406
20680
14430
20591
11027
13119
19944
139
4142
2406
23062
21105
12800
1301
7305
14554
4989
9872
3233
22471
18318
9621
15940
6134
14707
3213
14350
16990
21260
17070
21548
18246
21377
15876
2689
15222
17004
21732
18999
23463
9976
2648
9715
8416
2653
13639
9547
13765
18066
3190
17334
2289
13790
18101
7266
8085
24601
3591
22420
19522
21142
12797
12166
7042
8899
6883
21103
11869
16098
4686
7071
16219
11313
9314
7802
22782
20539
22958
17128
3632
6393
10749
4078
3258
8290
5179
19470
17553
14970
15945
17285
2812
15696
19892
3735
11103
5082
19243
22956
5844
13178
22643
8861
2470
10676
16145
23410
2926
9538
11165
18949
5151
15780
1701
3208
20677
14262
17313
13420
9830
15364
23978
10851
6090
2064
10790
19439
6153
21113
14785
6269
3648
24679
9275
5188
179
12180
492
21679
16505
5299
7598
24391
10393
11094
13112
12102
20532
12741
24128
10484
20220
10076
21022
20525
744
7026
24359
16650
6815
13864
10179
11837
3879
8161
9584
1453
4673
141
11575
17086
2311
19551
12776
24828
22631
3626
1246
9420
1050
20425
2512
195
12772
6590
18251
6967
4644
21547
18127
3551
8822
6428
4627
11360
3370
5694
23916
23399
17597
2017
8997
1281
7089
1404
5775
8168
16587
8285
20054
11239
18002
9234
6197
7872
21274
13275
13366
4268
23210
14406
846
4027
14845
12175
15792
13285
11048
3539
16713
15152
14736
4372
9481
7150
11058
11781
4244
1863
2240
5441
5943
13624
15355
5383
9048
19136
19334
16596
18063
7021
19570
11358
12685
8459
10853
12334
12333
20857
17978
15845
16739
6031
12923
22272
24778
1804
13145
14476
3428
11847
19257
24337
8868
12982
5044
18360
24046
14969
4729
18093
1250
5659
21425
2915
1667
12395
12928
24313
12179
867
4377
18750
13464
4185
15655
20266
11059
11846
21283
21301
6921
23699
11124
23436
14973
13752
23995
24239
10278
19523
8356
11213
14874
9025
12781
1318
22687
16173
11841
5210
18109
14269
14787
18067
14310
9152
12249
14136
11807
13377
3056
1941
9377
642
9533
20899
8776
16744
21637
19568
2747
21874
6867
3870
8334
6203
18120
1311
5451
18140
10251
5178
7880
6831
3836
18281
8853
16319
17277
10920
1582
7941
12496
20124
15440
385
9465
888
5996
11628
12560
6881
4430
16893
6525
15894
2088
20455
20682
11899
7213
19734
23584
8563
13028
1730
1967
3309
13203
21676
14405
5583
23235
16350
18943
2549
16944
17782
6728
6518
10409
19748
16695
7632
18706
9257
6082
19313
23874
8975
23616
20444
1771
15737
21021
4618
7252
15843
13484
23770
3116
10102
14767
7310
4052
24452
8696
16779
2351
9406
5913
8614
21038
15788
23627
20067
19295
15588
17388
22661
21050
2157
1022
18264
18752
7882
11372
16960
3650
2059
335
6135
11590
11036
22851
19512
5574
7782
862
6341
17061
7296
22370
20007
7969
3986
15473
22857
5744
20578
1123
15890
9688
4611
5712
1021
12852
13009
6574
23165
21857
16366
4214
7341
15310
11311
8056
20440
6690
2457
8471
19937
568
11076
22058
22860
24132
22855
21166
5527
24263
10581
8330
19206
1450
1568
8966
24454
24468
23500
24749
9901
23317
4851
5916
5758
20434
2268
20374
6561
17485
24384
11319
10307
21865
24166
20411
12504
15250
7795
15672
17239
13520
23681
8117
21747
6508
19387
17697
14383
18302
19547
4153
10049
19187
7278
4815
10047
2135
16998
8104
12315
2754
21262
6789
4800
4951
24327
24245
5721
20568
17987
9077
4199
8476
16696
9059
16027
17314
11518
24989
424
8963
17661
23974
14306
16842
20450
5837
3051
15335
11399
15398
4471
20122
20550
7
21915
2685
8983
24345
19110
16447
16947
16157
3134
1111
2908
2676
22862
21701
8778
11119
9265
7390
4305
16759
20346
8236
20832
6149
19039
21733
17664
8962
10364
3740
8215
18276
22670
10021
21605
2983
8269
24779
20102
16255
15656
1957
1702
19859
22768
22132
14712
19344
949
9408
18313
1547
13601
20129
15569
7069
303
1982
13627
4889
14627
8452
6806
18860
19875
22559
13129
1016
15756
4901
18197
22580
10601
19333
6720
15750
22311
2022
22283
1204
21116
24295
5549
236
10627
5028
12611
679
4369
13137
8368
6602
11755
11574
17540
3609
15870
14130
21875
24279
13711
17797
24408
17324
9984
2449
23071
23354
15759
14164
1588
20470
17102
21982
23437
22638
19000
13473
2557
4398
24933
10027
2342
15775
5394
20903
4359
8229
12083
2012
2390
14229
7070
23554
12351
3724
13826
6151
10815
9326
4384
916
2078
5161
19770
20400
10116
17524
11191
10036
24978
15050
17909
24838
22252
13182
18777
4037
12578
5854
20318
4575
2133
20146
4275
16152
7935
15504
10441
21401
9037
15635
21389
5423
16805
12603
3078
17966
7953
5164
16557
7061
3000
17328
5475
20574
10241
9416
21541
22968
9145
14678
15557
23581
15916
6019
12515
10590
1044
3231
4192
15560
12051
7393
5142
14570
11273
10001
14942
14924
189
13075
213
2131
5918
1908
14408
15597
4472
15462
8701
17270
13185
22554
22099
9682
9979
13995
22103
4303
9089
22378
15931
1699
14337
17220
17216
11160
9443
13755
15478
8810
16208
13626
21270
23675
20798
13238
638
3813
22290
17761
13322
12499
11158
23980
6274
3374
5486
7236
4039
5006
5833
3004
162
9206
2324
19871
5974
9528
7482
10661
23216
16635
2610
9201
12352
10569
4302
3169
20756
4020
18905
1944
6890
9311
19633
14048
13383
13197
24486
18629
10774
16948
2210
3217
21561
11467
11434
3941
22866
4412
23288
17230
5647
5253
14953
221
16527
1966
2843
9038
24887
10053
12621
18030
5586
5304
24193
5874
17397
24716
23450
23534
12486
9316
6080
23799
18470
11271
15163
6836
12225
3013
10998
16429
7915
196
21776
1620
1609
9942
24242
18961
9411
1435
24796
9284
1755
19144
20081
8980
21488
10958
17787
19699
20992
15743
16396
3674
6373
13089
16053
9862
2767
9763
19139
15434
8622
20719
19692
22191
23913
11997
10719
20918
774
11179
12305
16101
10986
1535
2379
24340
14133
7926
17847
16621
22655
1174
2529
23736
16426
4393
10410
9474
1558
9205
20743
15768
471
23747
24579
1232
13780
11723
10550
2215
24079
24800
6861
10801
133
2898
7679
24288
13941
18270
1949
1592
20363
20152
13435
7436
2803
2623
9052
23606
10297
13515
6895
7814
12636
17898
11674
17929
4400
18189
6833
3737
13305
7972
14520
16838
5638
12289
20718
17477
20665
17121
20367
2042
12711
22710
20340
6271
20495
14107
19436
1226
24177
12946
16436
8854
21681
21411
23323
8936
13721
22270
4349
3822
15976
13805
7834
1684
404
4656
5548
15763
19104
12945
6007
7311
4249
10624
10357
18600
17577
1222
14319
7568
3371
7590
19321
24998
14992
6273
9506
12774
11838
18413
9134
21693
12820
8043
9260
23195
2237
19541
17519
8101
10396
24729
18769
13666
10975
10934
11043
4600
18820
4577
3149
6431
10511
21499
2802
13615
1056
13307
20149
4240
3942
17206
8023
14751
15586
5800
6400
17632
23939
6745
20194
11172
14769
15660
23564
11521
13609
23850
16918
10535
16750
12822
9432
11202
15531
9198
19205
15499
12494
2493
19581
19949
5691
15844
5766
3080
21730
3785
3385
18980
1844
15309
13561
17133
21894
17655
644
565
4404
5421
5292
10412
6634
8128
23489
17546
15194
2919
13314
16963
283
5954
7821
24351
5514
8680
9991
9787
16606
7573
16807
6959
14966
13140
8369
21444
15263
6636
13717
20202
5902
19558
2818
14822
15326
7242
7488
22594
12029
2534
5320
2781
10325
12553
9993
20414
304
1481
1467
3103
157
18033
13788
9676
2742
6139
9888
16201
4086
18650
4062
16513
18478
23808
458
1585
16154
17723
18279
573
11689
20557
21403
3270
15289
8670
9095
20635
11019
10136
19988
10203
2890
12038
16112
8714
555
13061
20427
4023
24410
5531
13187
7002
24787
23773
11321
13277
20097
13471
4512
16373
1355
23798
4705
271
24180
10403
1264
24141
15224
9563
1334
11180
4091
22524
583
24639
185
243
10451
18561
6344
16413
716
15276
2733
11455
1315
1092
5652
11292
23941
1328
12693
5347
1905
10566
37
23858
8771
10876
19733
5023
4008
18407
24877
3157
2263
2226
22310
17027
13338
24868
9701
6266
3684
23645
18062
17028
11980
14123
10994
22584
1136
18658
1579
6821
21638
2595
5015
760
17008
15860
3209
5371
17976
21357
14129
12703
1685
1454
15025
15599
970
23594
7471
15394
55
6931
13128
24606
12097
17020
6671
1120
24974
1277
11021
8107
21504
11802
14755
23336
21521
14784
18738
4986
19771
14544
13132
9347
11155
18628
3266
22849
10150
7536
4345
12998
19227
1331
2799
5147
20143
11667
9924
9044
12138
18297
7073
18570
5346
7147
16380
16922
3911
8593
17592
8419
20375
24845
21815
2582
5911
22796
10905
1292
2198
19324
7503
3274
4505
962
10588
17552
18423
13935
21551
13051
9813
13017
19034
3538
8554
533
24204
13214
19713
7342
6409
18048
1471
1792
14259
12906
9574
16996
17665
8035
18530
13868
2258
16034
24297
15476
21959
24388
19639
13239
6977
5525
6670
5110
6330
4395
6517
19381
24328
16424
8885
2609
6476
14967
17218
9221
11534
19921
15608
5834
9902
12753
20926
10018
12904
19998
15973
16854
10858
1106
18166
13122
7523
6262
623
22586
19102
19085
5820
452
14999
4093
20983
2348
22044
3974
7800
23289
879
22925
11709
23643
6163
8913
22605
24559
21138
16218
12301
24666
19423
13760
517
2440
12610
4843
5905
13931
229
16294
8502
15619
21498
13570
16273
23308
22755
18587
8093
8539
9934
22521
7163
24948
16021
2160
2907
13141
11268
3230
14452
