666
120 11
405
7 94
54 58
17 73
35 103
42 114
7 119
39 85
11 50
26 41
20 98
52 113
247 15
E3501263D7B68B6E7A472CDD661CF56507021B0856527AC8
160 169
104 170
71 133
49 64
69 85
120 220
132 162
175 246
66 234
138 156
82 195
89 98
109 184
117 209
125 153
284 7
D4F2E48DB6820
207 275
61 157
39 50
103 176
27 117
76 238
79 176
155 17
F953550A23038FF6A041762DBE
54 125
46 90
102 120
52 53
6 92
52 130
37 48
60 107
40 84
5 97
2 127
69 87
51 85
9 136
13 20
30 123
105 147
107 5
DC251281842FB88CE2B3F74
18 93
73 86
94 107
28 59
43 44
120 17
D0EC306253766
54 57
1 82
94 120
13 14
100 100
72 75
65 118
35 68
23 41
12 83
36 110
116 118
17 53
13 106
24 97
44 68
57 96
3 6
0
1 2
1 3
1 3
2 3
1 3
1 3
12 20
FB
1 5
1 4
5 8
3 10
3 7
6 10
8 9
4 12
7 8
1 6
1 6
3 8
7 9
2 2
5 7
6 7
5 11
5 11
4 12
4 6
189 4
7AFECEA
49 109
46 136
4 146
66 136
176 7
83166427713
104 136
109 111
113 117
132 171
120 125
79 114
53 91
193 17
22DBE49BC909B5DF6ED03E52138
60 158
103 116
25 106
86 108
28 42
18 108
57 175
148 186
57 67
93 98
15 174
125 151
25 118
33 50
78 184
21 106
78 143
246 18
A14C7964926018396DA3A4352AC1CB
78 123
102 178
172 238
206 244
153 188
29 157
77 150
45 84
170 208
116 152
184 203
137 211
66 161
25 74
76 129
110 135
234 243
24 61
106 11
BB3240D9EAE6EC
19 75
1 88
84 103
8 15
47 48
38 100
70 84
11 93
16 34
27 69
59 106
7 13
E
1 3
7 7
3 7
2 6
5 5
5 7
2 5
1 1
3 5
1 2
1 3
5 6
2 4
183 12
86
18 79
10 128
71 120
4 34
136 176
15 109
26 85
48 123
42 109
90 157
53 143
146 158
172 18
42B9FAACCC94AE
147 151
114 163
23 105
76 84
124 160
44 168
160 163
57 166
29 132
163 167
29 119
55 110
36 49
37 126
94 164
2 155
140 141
15 37
190 12
E0363D8AF457957EB620A8A3DF45E1D84A2FD05BDFD8D
74 182
3 172
42 107
94 117
25 123
24 51
46 112
2 2
27 39
82 146
78 179
80 148
128 6
36CEB626A8EB767
1 55
59 100
38 83
9 81
95 124
46 80
126 10
0C58
22 116
37 115
84 96
60 66
25 110
56 59
5 55
37 68
24 54
87 109
97 19
11
12 61
78 92
16 78
50 74
13 31
4 76
40 89
56 75
26 50
51 69
2 44
60 73
4 86
9 22
6 13
23 49
15 22
17 58
10 44
137 20
9A1A212435CF8
69 75
55 124
73 100
91 101
87 98
24 65
41 43
35 126
40 62
38 106
28 47
107 126
21 62
23 45
31 85
104 111
80 120
29 132
88 101
41 132
163 17
2CDC3B15C110A3A8D863B6126CA
94 120
67 86
31 38
24 157
31 152
79 98
5 114
98 158
154 155
112 151
7 163
52 109
42 97
19 81
106 154
7 61
80 151
16 13
EE
5 16
10 12
12 13
6 9
5 12
4 12
3 3
9 12
7 15
7 10
2 12
5 7
2 9
264 11
63928F7545238DEA4C6
147 176
70 158
63 86
128 130
164 211
43 74
27 195
87 225
27 153
70 237
2 228
37 2
92FEC318
10 13
2 15
44 12
E5DA4
5 26
21 21
25 30
29 40
4 30
1 13
30 36
14 25
16 43
42 43
29 34
19 30
228 11
54DF8EDB72222821DA8
56 114
99 143
24 139
124 186
186 188
19 140
8 214
90 206
52 182
15 188
174 204
285 12
30B96A22CCA636F6D674D2ABE971D2748F2DB98206
18 105
56 224
134 226
76 193
3 25
8 96
68 210
5 145
134 279
159 247
67 90
209 278
273 9
8207988B4A433F
141 229
145 211
39 243
75 138
32 144
112 265
62 204
44 94
1 23
193 8
2D11FCFAC4DB5DBACD53CB5B836D4EC0F
125 155
68 184
5 52
79 107
14 60
15 121
50 186
44 184
231 10
0B262C1F6DAA0B88C74C5AC82A2
114 207
51 66
90 115
89 139
45 172
145 231
19 137
44 85
62 72
15 80
123 9
804
38 116
20 90
104 105
103 119
60 91
59 122
11 21
15 71
2 73
84 6
AEB81392
59 67
2 26
17 64
5 77
21 24
27 80
9 12
0C
3 4
5 7
2 9
2 6
4 5
4 9
8 9
5 9
7 7
1 7
4 9
2 4
196 7
E1043CBC250B00C3B9BD7F256EBE7AB1DC6E6E6239154E3
20 51
94 167
39 184
98 182
101 164
90 176
73 91
229 16
A2BBC1F8CFB553AA454A7DDF6741E5EAE041A9D13C1E9
23 186
25 113
86 122
4 117
10 184
170 202
26 30
52 60
20 227
156 159
152 187
63 169
170 220
55 85
18 153
42 203
23 18
52
17 23
18 19
1 18
6 12
15 22
20 21
3 4
18 21
6 10
6 14
5 14
19 22
6 19
3 16
15 17
6 13
11 15
9 13
137 19
F17A7093EF6D575E47432BC
24 79
60 108
77 123
72 87
98 114
22 122
101 115
15 130
46 86
67 103
15 103
34 65
40 76
8 131
23 30
55 86
135 136
106 107
62 131
144 10
EF5D2B80B
2 25
42 138
15 42
9 134
15 49
30 115
32 64
78 98
68 94
37 81
94 16
4CF14E4
6 73
45 60
2 61
46 54
11 85
48 77
19 68
10 28
66 89
48 52
19 50
12 51
9 94
2 67
1 46
23 54
149 10
CF650EDE6D2D6B0F
56 95
60 75
6 46
34 75
2 105
97 108
37 104
30 32
31 72
45 106
67 19
D4D0A87F2FD14DF3
10 66
35 41
25 53
47 63
3 35
25 46
7 66
6 36
15 45
12 22
19 26
18 51
24 33
5 36
15 35
6 45
9 37
4 48
1 2
195 12
D8762664A
19 49
82 177
92 130
104 149
30 106
29 114
92 102
128 159
119 126
118 144
53 76
175 176
87 16
342
46 71
30 32
23 50
9 82
14 54
7 61
21 87
4 48
45 64
50 76
38 39
49 74
10 23
37 82
6 30
21 78
297 15
A3D8F68E3DC75B9F9484F39341731F5688F3ED6DF1EAD3401972
42 114
69 134
40 272
27 59
116 154
153 235
144 155
14 287
124 277
135 287
29 266
75 208
184 262
172 177
156 230
16 18
A47
5 14
3 13
6 10
3 11
5 16
8 13
1 3
13 14
9 15
5 7
3 7
14 16
6 12
5 15
5 9
1 6
1 8
4 6
75 6
42AFAD8FA79B9F7C58
29 61
47 58
29 54
33 58
51 53
53 60
284 17
A5E05A5C6BC2988FD5E2ED
202 239
123 191
21 158
89 153
213 248
214 243
42 62
108 151
72 221
237 284
92 264
28 117
112 262
83 224
52 178
53 83
6 142
246 7
1DF9D3CD89D97523D1FD73DDAA02DE650F40FCB7CA
21 43
143 197
133 213
170 186
29 230
64 233
45 172
242 3
7780F42A11134037FF05AE4D769549B9FCAA125184545DB7F263092266D9
169 233
208 208
48 211
43 18
404623
22 41
8 43
29 34
7 29
12 14
9 32
32 37
5 22
35 38
32 33
8 25
3 13
8 27
13 33
15 18
4 27
20 41
13 38
134 14
FFEF9FD209
5 79
27 121
18 65
38 45
18 54
22 27
51 98
18 40
53 119
11 32
4 43
99 111
84 117
25 106
104 16
9008A33F3862CB9B95A4
68 88
26 97
23 52
24 71
8 30
21 72
51 99
15 41
40 77
46 75
55 69
40 94
6 43
47 101
21 94
46 49
126 17
0
94 116
60 74
66 96
16 94
64 83
107 122
10 30
14 26
2 4
82 98
5 21
60 76
33 36
84 95
74 120
27 50
4 114
206 6
F9426A9B4D76F90AEEA81A28622C4F28D6803A2E143E7BA9
16 146
55 202
48 49
35 150
98 186
91 134
300 15
10FDA9DB1877F45F7CF307E3
17 270
204 226
19 115
123 174
111 247
36 141
51 130
135 279
132 285
112 167
52 283
155 251
74 147
288 294
69 251
15 13
EC
4 9
3 9
3 11
6 14
12 13
10 11
1 3
8 12
8 8
10 12
2 10
3 9
2 10
16 19
C
9 10
1 13
6 15
8 8
13 16
8 14
7 7
2 14
5 8
2 10
2 4
14 16
5 16
1 16
7 15
1 11
1 9
4 15
9 15
157 11
86C964A43CB15A5F48845DBCB53
71 99
29 137
11 140
22 30
22 27
88 153
20 72
68 138
24 95
1 55
19 101
4 4
3
1 2
2 4
2 3
1 4
285 16
F059C9C13E673875
54 194
136 180
77 214
132 205
3 26
167 285
118 127
11 283
104 215
30 138
125 232
88 217
66 123
48 193
68 173
170 187
115 16
511D55B2E4530
25 88
23 101
57 107
94 101
11 87
39 85
41 56
4 102
25 67
35 42
33 113
4 35
16 75
63 93
37 68
69 76
38 14
995EA6
19 35
29 36
11 36
1 30
19 33
10 33
25 34
9 13
28 33
10 30
14 17
24 27
7 35
9 17
36 19
DD
17 22
10 13
9 32
6 22
1 27
14 22
5 24
11 30
21 32
8 34
11 20
2 8
6 29
17 26
1 13
24 25
20 32
13 21
9 20
295 15
7D6D
109 288
152 244
194 194
17 116
30 275
48 195
3 141
16 276
3 213
146 275
102 173
49 203
107 124
188 270
239 289
274 9
0CFB08C4A9505BA693441087095A33FC87E74C9
85 159
128 225
123 131
13 180
41 209
29 210
10 261
156 202
76 185
153 19
A3DF272BDFA02001AD18CD99B1
16 127
30 115
50 86
6 108
80 150
2 7
36 53
64 67
54 93
51 73
93 151
77 149
31 74
30 141
34 70
111 147
36 97
99 101
36 39
245 15
2D613407FBA3DEC4134D25CF56931028B7F31F1FE15FA1
5 91
7 191
53 173
210 228
149 216
32 135
150 237
7 163
17 51
68 120
159 173
89 100
10 148
25 74
110 146
223 8
3E811DB980D9B05094902FE36E1D75E3358D1E8AC
164 200
143 164
52 53
16 211
98 132
32 177
207 218
46 116
238 6
B8265D571B3395088F5E6A
14 200
9 74
108 216
45 162
16 51
27 226
179 1
0AD23EA2E462E18104A561A2
5 105
130 15
B8560D65C866C
95 128
26 64
14 56
29 55
80 94
64 80
20 20
24 105
7 128
20 91
5 64
58 120
103 106
1 28
84 104
88 1
5E351
76 81
67 7
51
50 57
2 57
22 50
4 10
4 18
30 65
15 42
273 9
2BE4195D64
14 135
80 158
20 123
53 167
99 125
33 101
55 170
48 123
98 207
195 20
1093
108 137
25 161
73 79
139 157
139 172
166 194
97 123
14 180
45 182
164 188
84 152
124 183
153 180
161 190
118 154
52 86
58 145
107 160
94 180
46 143
17 18
B9
1 7
5 6
6 15
2 12
13 16
9 13
13 13
10 12
12 17
15 16
13 17
10 10
10 12
16 17
8 15
3 15
14 17
4 9
92 3
0B5D60E6D268AC25D0D3F
20 39
50 76
6 62
88 18
D699AB
29 71
30 63
4 85
22 53
3 87
10 12
4 5
39 40
9 63
3 53
40 56
29 33
45 85
24 83
12 34
61 65
29 52
7 61
178 15
3D26074E2B9B572F299057235F8
63 169
65 173
33 61
64 97
16 104
85 149
37 118
33 103
30 155
53 81
25 169
37 112
88 102
1 76
132 168
287 20
D26F56888F2EABEABAF85CB4699D6C4FE0C0A05C0982F929C786C79
106 214
101 129
125 157
31 179
83 160
132 190
141 205
32 58
214 283
89 106
217 259
93 244
27 232
23 68
7 138
81 165
141 210
204 239
19 114
68 239
25 13
3449E5
10 14
6 7
9 22
14 21
5 13
2 7
14 20
2 5
12 18
3 16
5 16
16 21
8 15
256 7
6DA00ACD203207436A9FD557FE38B5CF384FD25C6869FE11634288F1D561
163 198
140 202
88 243
42 245
223 249
99 101
43 88
22 17
E3C
3 17
6 17
11 16
5 7
7 11
9 20
4 15
12 17
19 22
9 15
10 17
18 21
12 16
2 16
13 17
13 19
21 22
137 18
C8081B2EE5B313C7FA2C34EDF
8 135
17 86
43 134
20 51
103 121
6 71
53 100
11 15
84 105
72 98
24 99
14 136
45 93
8 9
36 87
65 88
73 125
123 129
177 8
A62C836AD53B3977A7156897A5CA0F230
75 116
15 19
92 153
55 80
108 143
17 165
136 172
33 62
172 3
3398E9398A9E5AB
97 157
53 138
29 140
82 15
FF2DC690A
11 45
60 72
23 47
15 67
51 65
8 76
10 78
16 55
59 61
48 54
4 31
8 48
4 39
23 61
10 53
209 12
FB9D8C
74 134
6 208
14 33
104 176
69 144
7 76
5 19
163 200
62 75
88 103
80 141
47 123
273 14
BEA8F122F0D475C641D4992CFDBB3A46B
61 129
70 128
17 135
158 169
71 109
174 242
49 255
19 115
203 230
138 266
255 267
15 89
3 48
51 190
50 16
160F3D2
12 47
10 16
15 24
27 44
1 24
30 48
7 12
25 40
10 31
16 35
22 38
5 45
40 45
32 36
2 4
11 40
285 6
0A65D6F6967D46A7FF122FA61DAB4A97FA082A695BEA87C
190 227
102 207
36 94
145 268
39 48
230 277
99 16
864F833EB1
3 51
1 44
38 52
34 69
24 88
14 60
33 44
2 21
54 90
10 17
54 67
2 22
8 90
50 65
46 70
13 54
111 12
F39A93BED620B41614D0A534A19
11 19
15 103
12 51
66 97
37 65
25 46
62 82
21 23
38 77
21 55
90 100
34 89
54 17
D9
3 32
8 31
20 42
26 32
3 37
12 19
22 48
17 50
10 23
10 39
5 50
22 32
5 12
42 54
9 10
32 33
16 43
97 9
DB5B539F6F
45 78
37 78
52 65
32 94
18 58
3 97
56 82
59 68
11 92
208 12
4C624F6565D91A277BA28DBC32712B
80 177
98 131
129 146
9 84
96 119
86 156
157 171
10 172
17 74
6 172
60 102
114 119
78 15
FED117ADF46A553
46 46
11 47
12 62
15 73
10 25
36 46
24 31
3 59
30 74
2 11
13 13
35 56
37 67
14 18
14 45
258 18
76A5FBD300FB3F0C5D4EF8EE89CA8CAF4917762754
46 201
56 160
63 103
63 69
112 159
26 126
87 145
169 178
97 203
33 61
82 140
75 125
1 58
144 154
45 82
47 190
94 133
141 170
272 13
650CBED6DB401A758BFD
143 268
113 257
20 65
62 229
30 85
19 47
51 177
136 240
46 59
100 182
176 228
1 123
187 228
110 15
3E9CCE06EBB
56 74
83 96
70 77
103 105
10 19
70 85
48 86
37 41
54 63
78 95
96 98
2 14
1 37
71 81
63 85
253 12
E0E6
112 224
55 159
227 235
72 139
33 201
127 172
9 152
144 235
28 147
34 242
6 23
58 176
133 8
DC6BA585573CA25C607F3B1CE70F6
81 128
76 113
53 81
3 62
32 128
16 26
70 119
48 55
246 19
2362E9E228F55DD313A6F8A5C20DE2A3B31EF56933
131 155
40 110
119 175
2 173
16 59
5 33
31 125
15 109
80 229
12 29
43 235
73 216
30 83
92 129
134 185
86 190
89 136
115 165
86 225
297 7
79B85CEA03C26644D21CB42DC47B2252C7B8
181 278
11 55
44 191
152 290
75 93
188 294
93 241
187 14
B72FD3ADBCF1FC22B9E4D1D2777B8F613202CED8B55E40
51 157
39 103
89 154
15 29
42 150
107 151
20 62
95 109
19 137
65 130
22 42
82 164
64 108
65 115
86 1
C8FF
20 58
158 19
4532D61D578C3A15570A9D8C5683
90 158
13 136
80 124
80 149
53 94
69 89
28 122
109 118
59 75
38 96
52 107
74 105
155 158
26 67
81 103
90 95
50 56
28 147
33 125
279 6
841859AAF
205 263
45 258
30 247
28 84
88 194
135 137
182 10
8F9707CB5B8695
133 164
130 166
4 94
32 119
13 52
25 101
15 136
71 155
156 181
10 106
123 19
A5938CB351A706CF7B
13 86
80 98
4 102
74 117
51 95
11 18
90 106
10 90
60 71
10 99
73 83
1 38
118 118
14 64
31 62
1 51
57 105
15 74
34 75
256 13
23B14370245A41A
9 121
17 140
109 190
141 191
171 190
115 232
233 243
85 138
14 218
37 209
43 249
26 63
150 209
228 19
38C5080339F750FF32FAC2BAE80FECEA898CB6BA582BD26E4E
131 153
4 18
105 145
171 180
52 64
196 228
36 123
22 40
77 173
115 193
23 228
68 218
14 42
101 185
39 60
90 137
72 180
81 174
29 117
90 11
E162C16BAB7620DA1
43 51
10 41
2 73
39 41
30 52
7 58
13 58
26 84
3 5
9 87
8 26
193 1
B3C0D56BC172D58280C99DE40D8CCD07
16 58
279 8
98ABA8C4510ABE6440E
91 220
113 118
158 216
192 274
266 277
74 251
37 72
72 151
18 17
702E
2 7
11 15
8 9
1 13
5 12
5 7
3 18
4 16
12 15
13 16
6 10
12 14
3 9
2 6
1 18
1 11
3 5
195 6
AF
4 171
8 101
164 181
61 194
2 21
21 169
171 7
15969F4DCAC6427718F4F4182019F86
5 31
6 98
43 88
23 45
49 112
7 96
108 166
126 6
F0598468DFC66CB930E6125
64 102
47 68
22 76
12 103
53 126
27 52
224 12
FBCADD38E4A77DB033F5AC053BA70405B36B3EC5926D3F0CDABCB
15 20
21 208
112 117
53 120
35 175
73 132
51 124
91 100
93 158
113 160
104 165
53 54
227 5
04477B812DD79
73 227
153 227
175 180
68 204
62 64
43 11
DA3
6 33
11 36
14 31
17 21
11 26
3 25
5 18
10 17
20 20
3 7
7 39
218 18
EA262B2DC
33 162
7 161
41 69
39 65
71 122
93 155
135 174
69 113
65 203
2 35
105 133
28 171
3 100
158 161
145 162
68 155
74 114
111 137
145 17
6572
76 108
66 78
52 141
74 114
29 39
6 71
6 101
6 126
1 4
44 92
23 139
8 17
31 130
13 56
50 64
5 106
58 61
61 18
D57ABEAC
13 44
13 54
4 33
20 48
25 29
5 28
7 18
4 12
19 29
20 28
10 47
37 52
44 61
47 61
12 38
7 40
10 22
32 39
92 18
838576ACBEBE04D
14 19
18 86
5 35
23 82
13 28
4 64
42 63
24 75
32 43
40 64
2 79
32 90
11 40
31 52
35 63
26 78
19 87
33 46
247 5
C3BE53EB3AAFB998E9B5F10A0DBAB57
56 87
113 175
148 158
125 169
25 68
26 13
5E5
2 9
7 23
11 16
13 24
6 18
5 8
6 17
4 12
10 23
8 11
2 12
20 25
4 19
209 18
69055902C7
38 151
43 136
13 15
157 166
128 142
163 165
73 201
22 194
90 115
156 183
71 88
198 209
43 85
97 167
42 43
17 198
95 142
114 185
240 5
677
41 76
61 233
4 214
58 154
58 142
68 5
A325B8DCDA8
27 57
10 27
40 47
54 60
29 58
238 13
E73C285F8B1E1A906C178A31F5A86428CB4052
81 152
44 132
105 204
110 211
83 113
170 213
106 112
160 212
109 218
2 159
13 143
67 104
195 212
124 11
C0161D636A0A8ECA
30 30
75 103
44 110
20 78
59 88
3 51
24 56
35 58
8 65
74 112
53 97
34 17
C4DC8A
11 28
8 22
7 20
21 30
18 28
21 24
10 17
10 13
19 25
5 14
1 32
6 14
15 15
3 31
20 30
1 23
6 29
55 11
2A70
11 34
6 11
3 16
3 9
13 47
13 26
43 54
1 16
24 44
35 51
15 52
217 3
43BED4BF50C9E23F446D46E9F57C3C067ED81E40A04
5 69
151 162
37 42
261 7
02ACBF76D8
43 65
75 183
19 57
33 174
132 182
109 246
2 233
11 3
7A
11 11
2 9
6 9
67 7
651559B69CB
25 28
14 35
20 38
14 18
25 42
30 66
30 44
126 12
622
64 84
19 86
75 86
22 68
46 89
35 44
11 26
90 118
50 115
2 49
47 80
29 42
211 15
A9AF6105113D
45 66
42 171
132 172
109 148
137 200
16 131
127 169
26 114
41 141
124 146
62 65
8 61
2 11
31 183
72 147
159 14
9034D5127F6A080A88FC4B4372EBAF77A9D
78 113
83 100
97 122
109 117
54 136
18 104
11 12
102 114
26 92
127 137
126 150
23 30
4 8
55 77
103 8
43A82DB344CDD8
39 97
19 58
2 37
1 11
8 75
38 93
23 70
36 69
26 4
75154
3 12
3 25
7 12
7 15
29 19
96C
7 17
13 26
12 20
19 25
7 24
4 6
3 13
6 29
7 28
22 23
1 24
17 29
3 13
2 21
5 10
28 29
18 24
22 24
15 15
147 16
40ED376C8
6 99
5 34
74 99
95 147
35 146
21 117
54 66
91 140
3 91
23 60
9 88
81 116
14 29
17 129
94 139
5 129
121 1
BFA32C8920FD783D3A52B73
61 96
76 11
9F
38 39
4 26
49 58
1 10
72 76
27 38
49 65
31 45
17 55
2 34
34 60
100 7
1030BD921F3B
20 21
71 84
22 56
10 72
56 92
27 96
48 79
176 10
8A58698117511EDBF5329BBA2
49 86
66 89
134 171
42 171
100 152
71 91
163 166
60 150
56 134
21 51
23 1
88E3
17 21
166 12
507D6D733F967F383B2E52E18B6428F75547
97 126
114 116
27 147
134 161
148 160
43 63
8 83
69 166
44 166
72 119
16 38
81 96
147 19
6267EEBE98EC8BF362EAF1066EB284AA3763
21 55
57 78
60 73
23 115
37 91
26 56
42 82
44 143
21 32
70 97
43 93
18 102
42 98
143 145
4 20
20 39
13 136
42 88
71 94
33 1
947BE8
12 28
271 18
5A59F1E9A6E6227C78F5DA6F3303CC10C3832AB
147 187
100 127
6 233
33 270
29 85
21 238
144 187
156 194
30 86
217 265
3 243
154 164
189 204
51 139
105 141
7 72
134 138
87 159
297 18
9B16C3A3313566CE581C28528C874A8B09977562FC2784366CA282FA36
16 57
19 153
119 233
248 253
46 98
18 80
119 160
135 142
97 203
44 235
67 203
76 276
6 131
10 53
29 282
158 206
260 277
1 106
31 16
09F44
24 25
5 14
1 22
1 9
16 21
10 26
18 31
6 19
21 30
14 17
9 17
11 17
14 21
23 26
16 19
3 3
188 15
197A9AA86
10 84
21 56
7 146
30 169
64 110
63 162
7 159
71 86
73 89
11 147
51 174
174 176
5 10
32 39
54 152
144 11
41
13 113
100 106
8 93
58 143
15 97
92 129
65 109
16 38
5 17
43 78
24 50
47 5
DA5
8 46
4 20
26 38
3 18
11 39
282 3
6338E607A48DEA44971D3C5B7E189F
12 153
69 218
65 80
163 18
452E28A4214673288737907A6FF5C
63 85
103 112
13 83
84 136
87 130
100 130
14 68
38 111
83 134
37 155
39 98
33 67
46 128
50 137
71 129
17 79
11 43
20 31
230 5
0A
6 118
112 206
54 135
202 209
13 91
257 5
4611AFBEBAFE0D888FE734ED0374F1BF734FAF0B94899CAA21E3EA4420FBC8
234 240
77 130
98 212
94 203
9 179
207 17
CBD9CC97ACCA0198589
38 46
74 75
4 141
155 194
73 84
65 172
6 187
41 159
22 101
49 117
88 151
72 83
29 102
4 43
69 158
193 195
185 201
276 12
A77F3DC1C105D26D91AA02E2E1E089F52F8E8E5EEB16189F07BD3D9F45C8C
59 129
77 198
146 219
65 172
82 229
143 195
221 226
151 271
108 151
45 220
185 207
133 258
152 11
35EF1D497741E09DB1831C16992
20 152
53 57
7 82
106 144
65 95
18 83
65 78
48 107
7 116
19 142
75 139
146 12
25
2 3
80 124
3 112
25 145
18 65
69 106
138 139
54 108
25 114
31 91
66 104
109 139
233 20
25D28B60370DCDF77CCB02D
18 43
77 166
40 165
3 33
109 135
212 224
162 209
145 208
117 198
14 141
114 129
130 210
15 221
109 155
29 112
89 113
83 149
1 63
111 150
60 126
230 18
934649F0762EA250E03360B26DC4B0E5333E33FA9E514
106 218
114 159
13 147
128 222
33 160
83 190
70 204
86 137
73 185
137 211
54 81
122 215
109 158
159 163
170 215
20 85
64 92
19 183
46 10
1FDCB304F83
3 15
6 35
14 26
24 26
5 39
6 41
13 42
3 26
38 44
17 42
136 3
E33E8121B413AD11704756DDC786F8
18 118
35 60
14 38
235 15
6CCB45C2FF49A6E8D
118 213
131 141
154 209
6 28
98 133
219 234
27 187
62 68
37 95
160 186
2 227
109 212
119 201
148 224
198 235
3 16
4
1 2
1 3
1 2
2 3
2 3
1 1
2 3
1 3
1 2
2 3
1 1
1 3
2 2
2 2
1 1
2 3
169 17
36102F7BB0DB5C7CEEED80881BF4F4D1A6E
44 167
21 23
156 157
9 144
19 20
13 70
34 91
69 71
84 139
26 105
74 99
15 91
121 162
7 168
123 131
46 65
74 152
78 6
C350749056B23DDD1
11 60
48 63
20 48
8 53
6 43
11 55
295 2
2E2B175FB
188 278
188 280
117 1
70229C9C85A8
50 112
103 4
A
33 74
22 26
99 103
61 103
33 15
15A1341
2 31
16 20
15 30
10 22
24 29
14 20
22 29
2 11
13 26
1 6
29 29
13 25
1 2
12 30
12 15
13 20
C4
1 7
1 6
1 4
5 6
2 6
3 6
3 12
5 11
2 10
1 3
1 4
5 11
5 10
4 4
3 9
4 13
10 12
9 10
2 10
2 13
290 14
E76
162 274
131 159
86 127
18 183
59 61
21 260
147 275
197 237
129 270
120 161
124 276
27 118
83 275
122 271
186 7
59E48E75AE7AA6B7E9F470EBD64BADAC364C61A05F23
15 144
23 62
85 116
117 162
20 25
51 87
42 91
277 3
30BF45F15B3
143 157
1 256
12 99
295 8
93B9B66D92FA9FD196F642C4F1EC48CF56B96A9C84BA23590B039C10DC7A5D9715369330
159 293
74 146
169 286
134 273
28 224
196 260
78 187
19 20
26 9
8
8 13
15 22
7 16
25 26
13 19
20 23
1 25
7 18
24 25
255 11
5AA73A34845B095373CCA158C223C28141C5F9C1368D3BD89
123 221
25 52
80 176
82 241
64 190
145 212
16 224
39 245
81 163
7 158
6 60
60 13
762
26 29
15 21
14 43
7 17
18 57
44 47
28 60
10 40
30 47
18 55
18 58
5 51
34 57
106 15
0
37 78
43 46
8 63
27 46
5 67
5 40
21 40
47 47
20 79
19 51
18 84
7 83
6 31
16 39
24 92
260 11
A0C2893E8CCBB135A2D16B143F23413B5E64FC37393396147FDB
153 258
201 249
199 220
143 196
52 86
128 210
127 159
6 107
196 220
237 252
154 196
57 2
E9DAAA62
14 23
1 10
280 11
6D250B7D4BA549659F4A5AFF869DB845D29F27011022
104 196
146 201
192 238
43 53
28 253
91 107
109 151
103 138
109 233
35 86
37 143
174 12
C
60 80
71 162
59 84
14 160
97 152
26 108
122 131
99 124
97 154
7 129
21 100
3 36
281 14
22E8FDACE2C2ECE7DC97D923CD4BBB7BA7360316747EC8E27FDD7B01F3
81 263
143 253
104 154
108 137
106 257
86 240
8 161
92 150
104 142
49 129
191 247
167 265
19 113
144 261
72 15
9E72DE
49 69
22 56
49 59
4 49
44 72
21 40
36 46
33 62
9 34
17 26
14 20
11 51
20 71
8 11
14 38
272 13
D30B30F8364487D90DA58F92643745503E74B429
194 200
158 188
43 157
106 196
36 269
116 185
46 84
11 261
49 152
13 77
3 259
246 269
124 193
110 19
3499E6
15 40
24 27
6 68
41 45
35 41
11 46
32 49
46 108
17 60
65 74
2 66
10 34
23 32
80 100
4 48
44 54
56 63
36 86
80 103
152 2
E64C22BC9E952AF9C805
11 44
4 135
234 18
9D490559E2D3BF6A63066FF1BF74BBA0918ABDF0B6
90 167
80 187
123 133
10 75
62 185
35 119
57 98
60 85
30 166
15 133
2 54
20 61
1 215
42 73
51 71
78 224
115 184
95 168
11 1
CC
8 9
149 15
9D2BEB70FB9F0EADA8620
2 50
61 91
50 60
56 89
1 52
77 105
74 141
30 71
49 123
8 119
110 146
17 56
52 123
21 47
2 114
92 15
B50C3E43
12 80
49 52
70 73
29 30
27 78
58 83
39 61
26 80
10 56
52 66
68 71
26 47
81 90
9 87
22 84
122 14
23B4502E24D581E3C4EC675AD96CA
4 26
17 53
5 46
56 67
76 115
12 26
27 96
36 57
74 97
84 110
22 32
31 67
70 107
19 77
197 16
1438E9251A3BAC8413A9BCD240562138EDE9D9EED19
29 48
156 185
44 89
169 195
152 174
175 192
46 137
17 161
196 197
93 184
57 99
109 170
29 132
77 149
91 173
59 92
175 9
590A6A3B05963D17E1FF6DB9CFF437E0CAC8C3258
28 123
19 140
67 110
111 116
77 167
157 159
40 70
66 81
72 78
139 14
789EEB30164CE4BD
53 119
57 127
14 84
65 123
89 133
45 67
28 138
13 61
2 36
18 20
133 136
17 98
127 128
44 101
34 20
45CE178
14 27
5 7
7 23
6 20
5 16
7 9
24 27
17 30
7 9
26 31
13 19
18 27
8 26
24 33
11 31
13 27
4 17
18 26
15 20
5 19
212 13
08563F252BEAF6936D7A28CCB789DC9CD41A27AD92D968
87 169
110 187
84 155
80 82
86 165
42 174
22 134
15 119
175 211
94 141
135 153
44 86
177 191
272 20
2745C5ECD55CA93FEEB178BDAE48675C24D91C8C7
35 214
33 158
156 264
219 265
17 145
186 199
162 216
31 230
11 148
123 264
10 250
42 101
56 181
91 169
166 267
61 103
133 167
30 48
71 198
114 129
59 18
A7AC6BF4
32 54
19 56
8 25
41 54
33 40
48 55
13 36
1 41
22 54
47 48
34 45
4 55
39 41
29 33
22 33
3 48
28 39
36 40
298 9
BF1783F0187375D0EA5786BE0B1C513FB6F1F5D045
49 71
113 284
15 81
126 272
6 44
118 231
2 154
47 118
70 109
149 1
5CC09EE2D2
61 78
78 5
AF53F5AA2E
23 50
13 58
41 54
70 72
27 59
14 19
A
3 12
9 12
12 13
10 12
8 12
5 14
4 6
6 8
3 4
4 9
3 8
9 14
5 11
2 12
4 8
1 10
4 11
9 10
10 13
117 10
2C6F
17 82
77 87
2 80
23 67
57 65
62 106
35 91
78 115
9 90
97 104
7 17
B
6 7
1 5
5 6
4 4
4 6
3 4
3 7
3 5
3 5
2 4
1 2
2 6
3 7
2 4
3 5
1 5
6 7
159 5
5E8562DFE99264D01AF1DF49F3160E8F3F2EAB
67 138
40 121
27 36
35 66
9 94
162 4
717D5E55B9C9C71B1
20 134
53 117
22 78
16 145
96 9
1616DC4A2BFDB6
39 82
10 14
57 69
13 68
29 63
10 45
13 69
69 69
48 78
99 13
AB025078CB3EE577F
75 98
21 44
8 83
78 94
8 53
63 94
7 37
66 71
4 94
31 44
15 60
83 96
20 33
238 15
F9B3B1817E104E0244
52 174
105 186
35 182
135 149
154 187
60 84
20 140
33 185
145 218
184 185
196 211
158 199
63 118
130 215
75 156
216 4
65CAF73C6D3C6299624CA6B02FB620298E2821F7AEBC2395DCAEC
65 189
110 185
106 201
67 70
77 3
72917583AF1C
3 33
18 33
28 64
286 10
F004136524EF672902975F12FA9C36
82 154
24 265
69 147
117 120
12 189
84 129
39 174
60 75
19 245
78 140
246 13
75307CDFCEDEC7AEB4
3 77
25 70
228 246
64 66
13 15
184 220
214 237
55 73
1 37
174 203
85 207
121 162
38 173
15 6
32
2 2
8 14
2 4
2 4
8 15
8 9
82 15
39307AD6
53 57
29 61
24 44
30 54
47 62
74 76
12 61
26 58
64 76
47 56
40 58
38 64
19 40
16 29
6 71
143 11
7C55628C32C7E00652C1
14 29
66 86
12 69
43 127
7 23
29 131
139 142
126 138
105 126
54 122
79 100
270 3
AFC05EBD
222 227
32 99
43 245
143 6
E4FAC8A1C7E646EC6
84 108
27 90
4 86
13 71
24 105
13 129
208 13
BB6CEB8236CF3D3F
159 192
28 148
178 186
161 171
126 192
60 196
151 158
48 184
38 126
47 47
174 191
166 172
59 189
178 19
41BFF16B0E6C9B2BF1CFBD
54 170
161 169
59 108
8 116
8 16
26 36
30 81
13 68
97 100
7 38
31 151
107 119
86 98
51 145
69 101
51 94
86 148
42 55
13 138
183 5
24D3B4A41A557B2162
11 86
142 167
172 174
152 153
25 29
6 4
C
1 4
1 2
4 6
2 3
268 8
BBB91429558FCFEECE1838585A0B88864B0C5B26FA4913E41
25 258
133 237
76 232
151 158
4 175
40 140
41 224
234 239
127 13
BDB1500699EC83A3C7488C401
56 62
40 44
93 111
97 121
69 91
46 109
63 84
86 125
10 95
72 106
72 104
46 64
77 123
248 5
56564209FEBDC1664EDEFDE2FEA0560CF07FF0E75098E485FB00F3E
132 192
43 161
152 210
73 112
91 160
111 17
AF5
45 83
18 49
17 58
31 78
36 54
31 89
28 92
5 20
68 75
20 69
23 62
22 55
42 75
76 81
33 38
16 62
51 73
171 7
C4BB08702041B74E74D092821770159
17 130
20 84
47 110
40 76
29 43
76 154
12 147
50 13
83C96137
9 37
25 41
47 50
3 16
1 24
14 39
6 18
5 43
2 16
20 31
14 47
1 6
8 17
4 18
F
2 2
1 3
1 3
3 4
1 2
1 2
2 4
4 4
1 4
2 3
2 4
1 2
1 3
1 4
1 1
1 3
3 4
4 4
214 9
C68A6B4334F9248FF67B
171 188
163 195
49 165
39 106
130 192
61 175
22 174
12 17
18 212
297 6
D510F4649F141
115 166
74 216
132 152
208 223
167 230
97 297
286 9
99D0FC5B935CAC385150D0416479ABBA5F000F81C498E5784ADF0098884C56A2F45
198 222
32 122
135 200
95 224
54 282
44 159
207 276
164 165
101 217
36 10
A6C
7 35
13 21
30 30
22 25
12 32
15 21
28 29
5 32
8 31
4 15
85 15
EAC2CA93BF20550694AC
41 43
29 46
22 70
61 81
42 59
36 44
1 16
5 35
17 21
34 39
16 69
59 72
41 74
34 61
8 49
228 20
B90AFD7423C18154A7208AB8B9FC51403ACA226230EEE4
37 185
58 131
1 123
67 180
61 111
99 224
5 214
99 101
159 191
131 228
122 171
51 67
148 203
1 205
27 77
194 217
171 192
12 129
88 195
137 163
251 4
9
13 87
64 248
108 217
35 136
33 12
2BE
20 31
18 33
3 7
33 33
11 13
9 19
11 33
20 27
15 18
3 19
1 19
8 15
85 3
3D45815
34 34
3 40
17 73
277 3
E09E00DB48711F5
122 223
96 175
72 83
72 19
7DB331A618449C9
24 46
31 55
41 56
39 59
17 68
26 46
12 35
21 27
7 10
48 52
16 25
21 60
35 68
41 65
7 34
2 69
9 55
19 61
2 32
222 1
9B8A400EF656711ADD89396E125DEA288808245C
25 209
259 12
A61084342C2EDB91B336
48 95
114 176
140 232
75 189
74 107
61 119
20 74
87 101
85 98
22 249
65 135
87 107
190 14
9AF98541FD9D5EA73FC1EAB80108FE1D5E58FAC2E4408
40 176
118 145
172 188
46 129
131 148
46 188
123 178
49 178
25 159
63 80
56 162
16 147
74 90
18 63
14 8
CF
4 8
6 9
11 13
2 10
5 7
2 6
4 9
5 11
122 10
B75379F50084CC7654BD295
88 91
17 63
80 117
32 82
41 51
16 27
107 116
81 102
40 93
21 62
145 5
E859BBBA6FB844E69CCFF
34 75
32 133
16 126
84 111
42 69
87 9
B72026E2F280CF34A94DC
19 58
3 15
35 39
6 14
10 46
23 60
40 66
37 82
54 85
291 12
0AC2237914CE18F97806A099ECD7C7C5C3B21DDFC580C4EF72EF7F7F9D74889AA28248
36 41
23 114
124 275
39 174
79 226
133 137
80 221
132 142
200 233
112 253
100 244
156 272
213 15
3C12975786300BDCFD7EE3A77
8 173
24 53
45 54
7 172
124 207
150 179
174 181
124 182
62 203
145 184
187 193
111 152
115 151
57 181
58 66
278 1
7161805E
157 270
298 5
708B7608AE8B24BAF612C3770A4070D43186DEF98
205 221
161 217
91 142
217 289
43 268
250 12
92AE9A55D4FB47092470F3FFF4
61 101
119 246
3 104
36 92
76 170
60 112
22 156
123 223
7 207
135 249
40 40
97 202
17 12
D
9 13
17 17
8 15
2 8
12 14
5 14
7 13
11 17
3 15
5 6
12 16
12 16
126 4
0415CDF45A
4 96
14 20
8 8
22 112
111 5
80089326
64 77
28 34
5 43
18 26
1 64
209 19
C42
65 75
48 107
37 66
16 167
112 115
23 187
30 100
3 167
163 198
15 192
19 82
116 208
162 164
7 23
184 193
33 47
159 189
53 154
122 172
40 20
9EF39
1 36
12 18
5 19
4 37
1 13
16 26
32 33
13 20
19 23
2 39
16 19
10 29
36 39
11 24
9 40
21 22
26 39
15 36
4 35
12 29
225 20
51A5A27253758C3852F6533E2A3E7AA68F
87 110
150 154
108 216
136 161
69 191
32 189
78 212
139 181
114 161
191 223
58 113
90 159
82 150
99 134
9 47
48 158
77 169
102 219
152 218
118 191
176 5
BE7AAD
55 67
12 88
39 139
89 128
60 164
99 4
1CD1DD67D62FE998A
76 80
4 72
7 53
2 67
88 19
272B7243711
19 53
22 85
38 75
32 80
4 9
6 10
21 41
51 70
62 84
69 86
46 61
76 87
24 64
32 44
10 38
61 67
17 76
23 38
46 50
262 20
92B080D45E59F400E46CF6BCE46FDB8746BC8798A1EC3F99B
34 249
74 93
188 241
104 237
216 258
1 209
105 115
25 157
153 251
171 202
8 64
25 170
142 177
99 169
18 141
22 90
210 237
76 76
20 139
24 99
278 8
61876D833ADD3B5C8D7BFA33C1BA0D77099C86EF5C4AC34AEED3173402133CA
67 110
162 231
119 224
84 249
122 200
43 123
70 197
78 249
203 8
1367466E0F75B155F089B8252B6CB22DC2EF24FBB1D3A
170 176
21 121
57 170
139 189
94 203
113 164
72 118
58 131
107 5
47F286DF8AC40B0EEF56AC
14 71
3 20
59 90
40 85
74 99
116 8
8336A9111B64
7 46
27 116
4 13
47 89
29 90
88 95
5 58
6 6
220 18
69A7E7587A954EBD7B895CBD3497AD9
59 146
63 188
56 194
71 142
34 214
158 175
140 199
43 47
54 115
107 109
89 114
129 184
96 131
35 106
70 123
188 217
15 31
99 141
263 1
83898A57D015FC37E3F8FC91CBF13547BBF28AFF5F2511EFB2BCACB0C7955EC
140 252
37 8
F
12 33
8 17
21 29
8 36
1 35
8 17
19 26
8 33
248 3
A90DC1630C959FE3608B63E266BD2F6F9D24847ECF915409FBE987
23 153
140 211
54 239
78 1
C45698
54 72
38 19
8C
9 20
18 28
7 33
12 13
3 27
30 33
23 32
12 22
7 9
19 34
1 22
6 11
11 30
14 36
6 10
7 29
18 26
22 34
22 30
22 20
B55D
13 20
3 11
5 8
9 17
12 15
6 20
11 18
3 20
6 7
6 7
18 22
10 20
11 21
4 4
15 19
5 6
13 19
1 12
9 15
3 22
230 5
C173C619AA213AA
100 132
23 34
34 136
70 125
11 132
10 2
AF
5 9
5 6
96 13
8B07CAA298F519DB40
81 89
8 86
23 60
1 19
11 49
5 37
20 55
32 78
3 83
51 66
12 64
3 58
21 69
66 8
F6CCBF398B1
9 52
18 25
1 31
33 52
33 52
21 33
17 23
44 48
294 5
E3318568A41F7993727AD0E26DA74E9C0AD3D660
72 120
196 280
58 94
23 128
172 205
273 17
FC448E3AA6C053313F730D5B8
81 272
12 80
109 170
23 232
71 77
103 208
141 257
178 259
109 119
110 197
136 232
99 179
161 267
19 221
1 170
166 236
102 149
276 12
20A1CD7CC9FEDB6DB64B092D564A71C8A2DA757A79CE268BC46
1 244
123 235
219 266
78 202
83 101
101 113
113 263
1 267
117 121
107 159
27 127
68 169
247 20
3CBF4DD50A42982505
39 170
44 197
24 231
194 235
88 240
181 237
70 152
103 179
76 82
127 162
5 221
189 245
16 203
82 209
85 108
155 246
72 132
24 165
86 157
92 209
28 13
49
3 7
13 20
2 18
22 24
2 17
13 14
9 12
17 24
4 7
2 28
3 28
24 26
16 18
22 20
2EBC2
8 22
14 15
1 14
12 21
7 19
1 6
14 18
3 18
8 22
20 20
2 3
7 18
15 17
10 11
1 17
7 12
6 20
17 22
7 20
14 22
104 12
E250C08328E5C0F5B67
20 43
18 74
47 70
4 82
3 56
1 70
53 92
23 31
16 100
16 97
57 92
56 71
270 7
CF0E3B2A39FDE4E17AE7E8F29CEDE018BE
148 216
42 258
68 90
128 135
20 251
14 179
45 253
224 14
3FF5C9DEB039D98BFE4466F0
128 204
99 158
71 117
27 153
141 202
94 176
206 212
3 124
61 94
189 224
3 32
138 182
109 161
28 208
14 3
64
6 12
6 8
10 12
32 19
F
4 22
14 16
7 11
12 32
9 31
9 19
21 23
6 12
18 30
8 20
8 20
1 23
20 21
5 18
10 28
20 24
1 28
13 21
11 32
117 5
69CA3ED656667A5E24A3F43A5
98 106
19 110
16 40
1 116
2 60
139 2
3D8956043AE1163AB3E830BBDD5D34E269
98 126
55 126
99 3
815
36 95
32 64
83 87
252 19
4B77D7B3BC1B8F38858A154A2721296E5738E6B0D674CC1AE5
214 228
228 235
41 167
39 201
88 139
81 206
155 228
26 52
30 197
60 69
122 130
73 221
91 191
78 200
8 70
69 176
165 206
230 240
46 105
187 8
D407897AC0D4EF66D0BB95310F908F9
16 176
111 152
46 133
81 117
44 114
13 112
56 63
40 80
247 13
3CB34C98D5F4B1A661E794EBC862
36 173
188 239
120 229
86 151
141 245
14 54
12 70
83 97
193 206
99 148
97 126
18 40
195 213
300 14
4E3B3008E413B9A38CE6AB614864C8A55FA76589556A51CC30A44C86E2A71F4
18 292
98 99
135 292
19 171
30 174
250 252
57 186
121 218
71 114
143 284
18 98
84 119
68 247
28 123
206 16
D28FAD635EDA614FB66840D41FBFE5A1342BFC2B64BC4E14B5
157 183
43 143
109 190
6 60
1 63
63 75
58 93
33 186
139 145
2 161
49 154
192 196
77 196
89 93
157 163
104 126
4 20
A
3 3
2 2
3 4
3 4
3 4
2 2
1 2
1 1
1 3
2 4
3 4
2 3
1 2
1 1
1 3
2 3
1 1
1 4
1 4
2 2
277 7
2BBEA4B19392CFF9F701094D20F
41 85
149 151
100 253
110 227
33 194
95 177
145 277
221 9
3F2F6BF5B982B3B3EC6A53D5BCCFD3A0CD54
94 211
101 155
46 47
70 101
32 37
148 150
160 173
35 56
74 108
95 15
14B075C0401B26
45 91
4 36
29 85
25 90
3 82
21 47
2 44
2 82
33 71
16 57
78 90
22 49
15 95
35 47
35 65
134 6
15A119421C20AF89F00942FF58F29C2F6
12 62
21 77
116 121
17 51
38 96
58 68
299 4
740FB03B66ED579
274 276
251 276
185 207
129 166
248 17
8BD32799D9F9C2314813A7
146 189
57 190
54 240
39 86
152 211
129 181
53 205
23 219
31 46
38 109
21 87
166 241
50 163
83 154
75 235
115 242
38 140
15 19
0E4
14 14
2 4
5 13
6 11
6 8
3 4
4 10
10 15
4 12
4 9
6 9
3 12
2 6
11 12
10 12
8 12
4 7
5 8
7 13
153 19
80B501CD0EAB75761D04737564A
14 63
25 44
94 143
30 73
106 111
53 84
39 105
3 77
47 114
20 101
53 146
70 98
24 50
11 24
98 130
102 117
117 123
63 127
74 150
23 6
9
13 17
8 21
17 17
20 21
15 20
5 16
173 13
D38F45A2730469DC070E
68 113
18 122
31 92
25 74
13 172
13 60
56 75
75 113
84 129
82 108
57 93
137 165
19 115
280 18
D2EA84609532FF9D80727BB3F0F8E201F548E7F2CFB2C72092B4E2DF0472
74 89
18 251
23 272
171 242
190 241
70 176
265 266
37 143
146 254
114 144
67 219
199 263
3 163
169 193
44 118
128 228
66 204
6 195
116 11
966EEDC9
64 72
58 80
85 97
77 92
75 80
98 113
52 60
33 105
23 99
15 115
33 33
293 19
0C8F46926BA33C4E1FE030849AE1C
133 135
77 181
1 192
93 101
42 103
86 265
29 242
196 205
147 184
34 201
201 243
198 264
115 164
208 265
95 270
142 180
163 261
54 55
128 233
53 5
2161C1AB93F
22 52
25 49
9 22
26 51
13 18
240 4
7DC7F059B095E72F5FC9116F01D1D141
180 197
69 71
114 167
56 224
185 7
E1DAB2126EA441565D70B053B004C3CC02B52B73AAFFA2
10 153
153 167
56 129
16 106
66 71
86 105
43 66
244 15
723962ADA70816C34
171 225
207 219
4 205
138 174
54 84
166 239
71 151
84 163
14 237
42 75
20 42
39 172
114 178
105 230
4 89
238 20
7DCB5F3EDC2793145003555C6E08AE
177 209
52 116
56 140
138 203
64 224
219 229
160 170
38 205
120 124
55 226
102 122
136 170
170 181
53 211
59 112
28 43
34 154
174 210
64 180
162 213
245 5
19AD11DA2B7366F4E27FB3D00F0CAC09424C3A399B
52 91
44 173
20 239
203 215
197 225
34 19
6E5
4 9
10 15
17 34
4 32
13 27
18 30
2 31
2 13
14 31
2 28
6 27
26 28
3 9
1 11
2 8
22 31
2 33
4 16
22 28
289 8
2
58 145
15 62
161 181
238 278
123 275
19 130
33 155
191 233
56 17
5625F82F38
34 50
46 49
1 20
9 31
34 56
28 50
18 40
25 48
5 47
3 47
34 52
35 55
29 34
6 34
17 42
22 50
17 52
197 13
D7DB608EC0074AD039875AC71A4ED67C488F8B9
33 140
96 152
40 87
166 195
68 158
62 125
41 86
94 130
131 188
42 63
15 176
147 170
8 149
289 2
FE891238B589006B72DFFAF1ED4702A
124 228
115 234
33 13
988390E6
3 28
22 33
25 27
21 31
5 21
25 27
16 17
2 10
18 25
23 29
7 7
6 20
3 23
133 3
44E59
72 120
4 19
1 9
34 1
A
6 34
277 12
F746EDC604BDBCE75EB06A186DE00
23 103
43 246
36 191
31 196
102 121
75 136
15 126
136 210
68 214
78 167
3 248
39 196
158 2
AD550B71329C93
123 143
32 73
62 13
DF5722E7A2D
42 59
32 37
10 12
20 40
31 60
26 39
29 58
15 41
15 48
5 30
8 60
4 13
40 60
259 17
EE42CA453A3C96BE0905E20E1252269DF257DF5DF138CACF1A687E04A4355E
62 147
27 207
9 257
122 198
113 170
141 256
225 238
106 240
13 131
178 221
15 190
53 125
68 189
103 220
230 244
44 249
41 248
207 1
923DB126C847C762F796460527475BD
19 141
59 11
D98DCF
1 37
29 45
22 51
29 30
14 21
16 26
29 46
36 48
20 21
23 23
3 57
54 1
1F5BDFE
30 46
212 10
84176A18478900FC799DB391073E3B5B3147B8C745B00CD
167 199
40 204
83 108
92 185
115 201
82 175
123 158
158 190
6 160
106 190
38 15
A4
34 38
19 19
16 33
19 37
15 33
10 11
3 10
15 23
18 31
1 27
17 37
27 28
16 24
6 23
16 37
114 18
E9768072460
49 62
36 46
95 111
29 76
49 102
104 114
92 93
43 56
21 25
9 85
63 77
44 73
55 109
45 60
29 52
32 111
7 64
5 8
288 17
AE43E473B68777E701E3346F2F92A5A382D4584FF930CB
123 125
88 131
46 68
88 228
75 195
144 192
180 260
46 129
131 153
100 273
99 258
11 159
98 248
133 205
90 205
129 180
138 203
93 3
951F3FCB6D8CEBC7D68
47 49
58 65
15 72
214 12
392229B051C9D60B003A04
9 206
200 200
62 86
173 197
107 214
7 132
26 145
58 72
59 60
88 171
145 193
15 60
83 18
0D6DA54
18 77
13 49
4 50
26 55
21 33
24 70
11 23
26 43
26 27
5 25
50 78
9 67
25 74
51 67
40 80
11 69
31 81
10 48
96 5
EF2
16 34
81 86
72 92
62 86
40 76
125 1
C2F1F2D60F757
61 120
21 8
AE4F
16 17
6 7
9 17
6 19
3 3
5 17
11 16
5 19
119 6
ECAD52CF1
37 38
36 93
86 93
28 68
74 89
13 71
284 5
6CC7E50ABD00ACB6009B138BDD0D6406834C6929C70A16BB2B298254445F920
162 243
65 150
27 127
44 242
198 235
226 16
4BDAF0
159 183
53 212
82 150
172 179
98 226
19 181
167 174
24 185
52 81
111 179
134 164
69 147
25 29
97 163
100 146
125 173
134 16
FFAFB95413B3D5F46086BBD2EA1F1CE
2 32
24 40
51 119
84 97
66 121
75 114
4 125
1 84
62 118
12 36
69 112
14 131
5 33
17 61
109 131
27 37
131 3
16026F92
19 64
3 28
52 129
177 15
78775B104200AE3BA191
55 122
41 108
7 101
19 110
53 149
44 170
44 149
43 167
20 117
31 88
52 53
109 160
49 127
115 159
79 101
276 4
0955D08DA543FD42F2DAB919A699E7B79C764AD723D7151AF3F7456D69BAEA4
86 208
73 249
23 35
148 248
173 3
8408F1FC5BF43A25F
106 166
38 61
79 131
225 3
A7
61 148
74 203
139 224
32 4
638DBF4
16 19
6 13
10 17
15 32
183 12
A6D4
28 51
92 100
97 141
17 50
15 67
161 163
9 141
85 152
12 135
101 133
109 126
122 168
187 13
3D1
26 36
62 178
23 54
62 167
118 161
4 61
45 60
19 65
49 130
71 77
53 86
55 79
4 174
165 1
63BCEA5C3F989D9FDBD4AEE7C2BBACC0923A5F3
117 138
283 8
73F9F427D39DCC82244
96 150
223 240
94 132
209 243
22 261
36 233
183 232
209 226
228 15
5A3B13D663B4E9E3326C449E1D0E8932
115 129
10 71
57 179
127 157
23 72
19 158
113 185
109 204
83 88
30 104
134 207
58 79
101 225
50 152
216 224
218 3
EBC8FDF929FF7A4D14240E25FCEEF58AD52E
121 154
175 186
24 208
292 14
3CEAA71B87C63D3469B1A73C796A
243 287
62 282
104 161
30 229
35 216
30 256
12 291
120 144
40 104
216 220
44 80
152 158
85 239
93 98
49 14
0D94D570
25 39
16 49
21 38
24 33
1 29
23 26
36 45
28 40
26 32
33 38
5 47
23 37
8 22
10 10
261 4
B00ADA0AB68CF5C86CA
196 242
36 110
46 95
235 257
199 9
CA1A03250D4D188
12 77
42 199
41 101
98 131
55 66
135 172
3 6
46 172
52 98
293 10
967C6FE961C7914A1
222 254
223 289
7 232
11 148
161 253
254 256
64 220
275 283
183 189
42 281
110 8
C72BE754C
46 91
21 69
3 50
6 15
85 86
64 95
11 49
50 78
191 16
0F9318EB66B7520CCDCF3ACD127
48 180
132 160
36 149
99 100
73 137
45 191
49 118
2 175
5 185
115 165
57 78
81 128
117 169
14 145
46 177
80 114
231 3
5BE3D5E22BE8E4238D62F2DE30DC4D01DF4148B2
90 196
6 68
26 52
49 18
259173
1 46
1 6
32 49
40 42
33 40
4 26
20 47
4 44
16 25
5 18
9 14
7 48
9 18
26 34
19 37
6 17
1 17
28 39
94 5
FD5FD370FF7C78E9E12FE4B
29 33
5 59
23 85
48 74
37 42
103 7
D22C
55 80
61 91
21 69
42 63
91 102
28 38
50 84
221 13
55E926413E43A313F
15 111
181 182
189 196
60 213
69 143
73 79
34 125
153 207
25 141
169 205
97 200
100 129
34 141
160 13
2DC57
16 139
28 151
117 154
72 142
78 96
32 115
53 76
99 138
85 115
36 59
18 45
85 93
88 150
189 10
42BD732FA0AFC843B7C5E3F1CDB3130E146C4
14 49
147 172
8 100
55 67
61 166
24 104
31 35
24 96
3 13
6 177
137 17
A53
67 94
15 36
33 126
94 111
30 49
15 39
70 100
16 44
3 8
24 69
44 119
59 135
22 65
52 118
3 82
60 73
11 67
173 20
CB446A9A9EEE3528C75734F
56 125
18 25
15 105
47 109
8 35
71 150
114 168
41 171
26 87
55 64
7 21
100 139
75 151
60 163
29 45
23 103
48 126
36 58
114 169
61 84
281 3
03CD5CCFA54A15D1BA7394320FE5978B7C885E1AE9B
110 174
30 66
105 200
143 17
94FE811FA4850DCB
55 70
110 136
37 111
55 69
9 76
32 121
105 130
94 127
30 96
50 124
118 131
86 122
41 51
66 72
37 41
49 101
66 106
4 12
7
2 2
2 4
3 4
1 4
1 4
1 4
1 2
4 4
1 2
3 4
1 3
2 3
255 1
7DFCE19B8B18FF
140 246
81 12
B72F
61 62
36 62
65 81
30 74
50 69
27 73
63 70
3 56
7 59
25 68
6 69
38 63
50 9
6ECBF
3 13
30 50
9 40
10 23
39 46
38 44
1 22
21 49
24 32
276 16
B4197911CA2
129 155
161 217
93 258
122 208
169 172
217 235
65 126
30 62
79 266
60 225
153 222
81 134
108 152
125 192
212 242
140 210
185 20
F7CC2575243B353144C8DD8B67423EF9
66 160
104 122
24 136
12 155
4 177
118 152
33 138
76 165
77 166
18 136
27 105
152 161
100 185
117 130
72 117
16 89
162 168
110 120
31 109
16 152
148 8
99F5B2C
136 139
9 114
22 47
85 137
15 82
33 135
18 33
126 130
259 9
6AFCCF846940308406AF7DB2AE36CE8D7F924B890B431CFA
188 220
151 237
79 197
61 231
27 31
204 234
55 201
164 203
117 212
256 18
7A172CB5B2D828AD1696A8F9C8370EB8CDC1343BFFAE6
36 55
147 247
1 172
21 131
173 181
238 242
166 204
24 146
88 251
60 181
84 127
83 145
61 87
25 176
143 146
124 240
18 121
43 59
145 19
2D5B7
83 103
30 141
111 122
31 94
35 58
9 79
4 83
36 67
20 119
17 78
65 123
101 133
18 37
10 62
45 77
80 112
10 121
42 118
51 80
239 9
81641BE398A6742C0036307C72E6DE3DCED9A8B1
3 80
96 116
198 216
129 225
122 174
183 202
73 143
33 235
104 225
276 7
CC71557087EFF1100D5016A
44 53
49 205
39 106
82 155
62 90
67 200
190 208
123 1
B7BD9B9232C559054483
2 57
105 4
EC56884A65C44E655E51A42
53 79
60 103
87 88
12 31
248 8
642641C43A80D205A519C87CAD4CB9E8AAC84F45D
6 23
57 71
112 197
137 141
82 185
79 92
177 207
121 214
58 6
C938757F4DF22
21 54
15 34
53 56
18 30
8 15
39 58
132 9
F4DB384
37 111
23 90
2 92
5 122
5 60
93 132
63 83
42 101
120 124
32 16
C8
9 11
3 27
15 20
19 21
4 27
21 28
21 26
6 11
16 32
1 7
6 16
14 23
11 31
26 29
18 28
4 22
244 19
9307E26136E5
58 168
36 78
133 209
39 110
52 224
43 209
28 87
131 220
28 210
78 123
18 119
57 133
40 171
103 185
13 99
40 70
96 219
142 221
62 87
169 19
23529DF080C383A041C
52 125
90 91
104 121
47 128
14 148
40 152
19 33
94 117
74 135
46 136
20 34
9 36
65 66
20 151
94 112
103 133
36 37
50 146
62 111
32 15
12F18D
3 10
3 23
3 5
5 12
3 17
1 4
1 5
19 27
15 31
13 24
9 11
13 16
29 30
3 16
16 24
224 15
E8F396590DB471C8C4A136FFA0FB314D32633785F
97 107
63 201
98 210
102 102
126 150
112 158
54 156
196 223
114 217
180 181
129 169
43 188
38 189
118 130
94 174
255 5
8198B1E16C3293DFB1FEE0E31C3513E9AD562B171EE140A
111 139
123 250
83 147
108 115
134 253
14 7
2CD
1 4
5 10
8 9
11 14
3 5
8 13
3 13
77 14
342E24F925FDEB
13 71
6 21
5 20
13 40
35 53
10 35
59 69
13 60
3 36
6 40
12 51
28 63
14 46
17 43
218 16
05591CAC02FA727022F1618B1EB8084DD1316
5 33
145 199
17 205
63 78
47 197
137 206
169 205
167 175
61 215
178 185
158 181
5 133
139 197
73 107
120 133
17 117
201 4
7E32B16E9F7EE25135DCA479B1895612556B23350DD28042A9
45 136
57 189
57 151
100 128
170 14
342B6D4
63 96
43 121
122 169
15 98
13 18
68 127
27 50
101 107
118 125
28 43
130 132
31 45
71 85
82 98
185 4
BE4204F2178B
17 118
79 128
37 54
122 150
187 12
5BA3D9666DC6268D5F3FA30B7A8ACB4DF
38 100
41 119
171 175
119 123
68 85
149 151
144 155
2 7
148 177
95 148
49 102
162 169
157 7
67F70C5C
91 133
17 104
33 36
38 40
90 141
39 73
30 112
125 16
71
92 93
62 87
44 97
16 108
78 89
10 50
90 97
120 125
60 125
40 73
5 32
20 75
70 123
68 72
41 95
66 103
131 17
2730D7B30C59688B394DCA3D68
12 68
92 108
38 91
80 128
49 101
35 116
17 53
88 106
49 79
96 103
88 101
73 91
35 107
12 101
25 33
84 110
59 89
172 5
55216A9D8FE503C200A5A415F5E05DF5C795FE3
9 104
4 51
43 68
41 156
75 103
231 13
FB12049D0A8DDDC60EA37B6637BA623B90FDBC2A1A
7 74
10 215
103 197
87 186
19 49
189 198
87 218
47 145
23 60
110 229
190 230
43 113
164 206
236 11
B170B4800FF93B8557DA6F1B4946
137 165
36 155
189 202
39 197
137 226
58 146
92 187
36 51
154 170
155 184
87 217
130 18
25556
41 116
22 41
15 89
34 119
20 50
6 63
27 117
54 105
69 128
109 110
55 116
78 87
32 58
50 58
73 112
21 39
76 91
74 107
213 2
272D067AEC1EFFED50A00861550AD64E72232E
126 148
4 96
36 20
76B5
27 35
8 34
7 24
15 29
25 32
2 8
12 18
16 27
16 19
28 30
26 36
1 10
12 23
33 34
8 18
2 18
6 14
16 21
10 27
13 26
244 19
BEAB7E0164197E4977
177 216
96 196
47 134
41 187
121 242
22 157
103 183
155 203
104 173
117 164
179 203
189 242
159 209
148 217
122 178
209 244
79 155
129 135
160 201
248 12
E254E7AE4F03B09
198 204
68 196
12 61
90 180
4 209
138 154
137 229
157 237
43 65
13 202
72 86
142 143
35 20
5D4A
15 32
32 35
3 31
1 6
11 27
2 22
3 5
19 23
8 16
6 12
7 16
17 28
5 10
1 34
9 27
10 35
10 14
1 21
25 28
1 4
83 17
6
52 71
6 25
14 48
45 54
46 53
51 78
61 69
31 70
81 82
27 80
44 78
21 48
65 72
56 67
29 52
14 43
40 45
140 10
952
22 98
17 23
99 113
76 119
61 116
81 93
101 112
109 134
48 55
38 74
236 6
2367939CF59654122E75CAF710322C6FED234BC519A067FE12FF
36 225
47 215
130 137
26 181
121 227
45 119
125 3
5C768
98 108
66 122
34 35
54 17
206
17 34
4 25
35 47
7 30
2 38
4 41
34 53
12 28
30 51
21 33
46 52
23 35
43 46
14 25
48 54
2 35
45 53
165 16
8C8A44157974EAF5A5B
32 48
29 122
37 58
70 91
55 135
72 157
90 165
94 120
53 85
21 108
155 163
20 35
28 102
112 124
4 51
112 129
123 8
8636CE588DCB07FFE
41 98
15 100
92 120
70 73
52 116
37 68
78 84
62 62
250 5
96E3FB30B5198720F9CD706B8D9C6ADF979B05EE7F6A3C268825154
108 220
35 115
43 248
44 186
92 110
103 5
6C1BDE8D62DDB8CCF6EFBA9
6 96
54 68
37 78
4 102
4 42
86 4
4F58E9451C6A3C67D0226
6 29
56 71
43 71
3 18
148 1
0AEF079A9ED15C32E1E65BD1FB03B4
106 120
256 4
36EBBEF49D1619F639725DA99D9F87D5FD479994D
110 238
31 238
19 147
121 128
155 9
733624ADC600AF821E6
18 44
69 118
27 86
7 43
60 152
112 119
31 72
45 77
28 43
197 1
AB6CF9C2A8E446D09B0C08
25 81
14 12
D
11 13
4 7
2 12
6 6
6 9
6 11
3 14
1 12
4 9
3 6
4 13
8 10
205 11
B16DBC49D30DD970DA81DFE4AB4132F4E862119572A8E2C66
67 195
18 37
63 131
13 203
93 108
10 82
27 180
84 200
20 143
112 119
26 191
272 18
74D4C
22 130
3 137
157 175
41 121
61 195
233 266
187 201
144 168
58 251
161 215
66 184
81 106
191 259
8 200
80 188
76 208
37 270
185 218
34 15
156
1 33
3 5
8 26
15 24
2 34
11 31
4 32
29 31
21 28
22 30
13 16
13 20
9 34
27 33
21 25
224 4
A6D3EC4953E004ADEC2D3A971E0E09A479A6
122 170
100 146
97 191
19 200
212 5
E6F501DA53C752AFF0F73B8B15392C0
28 144
131 159
73 156
7 35
88 121
297 16
2F77187
24 143
158 289
18 54
64 198
178 236
49 81
118 195
19 156
97 160
138 160
5 234
127 265
2 85
61 74
73 274
28 79
121 16
5762C4AA2A8E63422
84 116
87 116
71 119
19 48
12 55
12 107
48 109
28 111
47 76
21 51
32 89
38 99
36 121
81 102
6 17
63 75
8 14
B4
2 7
3 5
3 6
1 8
1 3
7 7
1 8
1 5
2 5
2 4
1 7
5 6
1 6
3 5
176 11
F3C320D6B4C8225392E7EC9C03FFC48
53 114
71 107
77 133
108 169
3 82
79 123
118 119
51 149
51 62
25 82
109 115
90 10
3206B873A1400541BD5D
66 69
49 70
17 35
77 85
1 88
50 60
54 77
36 75
90 90
46 80
46 3
629
22 36
17 33
17 38
113 15
781C0953
28 113
39 64
28 43
19 104
30 34
12 84
4 25
1 96
54 55
71 74
34 66
70 113
8 38
87 112
16 27
26 13
76842
7 26
12 15
2 12
6 26
4 11
7 10
7 25
8 17
8 23
3 10
2 7
16 20
9 16
81 3
6C1A279D15AB6CA7
25 47
6 81
24 51
26 16
6999
22 25
17 17
2 7
1 4
19 19
19 20
2 13
4 8
4 18
16 19
8 10
4 15
1 9
21 22
21 23
19 23
254 13
8881B73EF3F84D190
113 251
82 144
201 250
61 158
75 162
112 202
117 223
61 178
176 194
119 200
179 244
46 71
62 177
207 4
B1FA14A86B69963019E4A810F2A
143 207
35 117
76 94
32 45
162 8
B95DAA3C2EBE9DA8BC3A3E6D8F3BDFB7A568A88B
131 157
79 97
55 96
122 137
10 13
22 91
52 90
10 144
264 12
D46E31A2B2F174340785407E3
31 79
71 168
170 203
255 256
174 239
186 227
74 200
87 209
2 109
16 259
148 256
31 195
20 7
D02FE
2 5
4 5
15 19
1 2
10 16
12 20
5 8
136 12
FDA68
9 136
11 113
14 51
64 78
18 98
35 81
41 56
95 121
90 106
3 47
116 123
49 82
168 8
7E7CE25C16AA7CEF1B1B7C891392A4765
34 73
37 94
11 123
17 125
10 33
69 86
19 137
5 126
24 2
9026A
10 18
9 24
123 9
ADA4272A0
98 113
15 79
23 57
55 117
46 85
85 113
16 122
52 122
80 86
17 18
25
4 8
1 3
11 17
14 17
7 10
3 4
6 16
2 9
10 11
3 15
4 12
1 1
9 14
12 16
2 10
17 17
5 6
9 9
207 6
674E6
6 31
12 14
149 175
89 184
13 98
28 191
176 5
92B16807649594399
49 108
38 107
120 132
10 128
42 53
24 8
9AAB
6 12
9 20
5 17
3 11
4 19
1 21
13 20
7 12
247 20
DC7966E74F605E1B3
147 213
111 239
147 225
48 128
124 240
52 164
65 151
61 96
122 237
5 138
125 195
64 224
31 107
26 67
61 134
103 205
114 179
158 196
39 116
72 192
65 19
80C674D
10 44
2 37
27 56
31 40
19 20
3 48
24 34
55 62
40 47
28 48
50 57
28 54
4 43
23 31
11 51
3 24
12 36
38 62
41 52
225 1
2E8548DB99874091DAD3124AF72E5918AE8F0443757277B3D2D
7 173
103 9
6C9E689F41
40 71
71 100
45 50
79 82
28 73
60 72
45 99
28 53
61 87
244 2
85ADFA222D7E5089EFB1B046CF100CF0C313BD
78 138
12 183
180 15
5BBE6A2162DA146EAAD54F145EB35
111 115
45 153
141 163
6 123
36 135
24 53
97 172
29 150
162 164
15 58
29 67
41 133
78 119
52 109
8 166
233 2
62A80B7571D0E8BBBF0CCC45D616E648C8AABAD18D4
51 219
26 46
141 5
7F58F9
4 51
16 23
63 77
35 42
46 109
145 13
E0E28
17 68
131 140
12 116
70 107
49 110
15 32
41 113
49 120
55 131
53 76
68 83
80 87
2 138
159 1
C6D1FDB4272A54B2E602287B1E73
10 25
214 12
2063291A396C351D2DCC116FCB
75 151
161 184
45 146
19 36
26 197
38 158
95 148
8 105
170 186
94 96
3 19
78 79
71 15
39476E4B8
21 64
26 52
7 22
26 57
42 51
17 41
27 44
30 41
47 68
16 41
7 53
12 15
2 22
33 34
45 67
206 17
06A10
13 63
40 191
57 188
111 151
44 152
64 119
153 198
57 90
140 141
113 127
12 160
153 202
193 206
56 183
103 170
25 63
53 184
60 11
DB83
10 18
3 52
2 19
19 47
16 34
2 38
19 49
5 18
7 58
3 29
1 55
95 20
D8AED847E993C5D6
66 90
39 41
48 89
40 48
23 62
33 79
5 24
9 87
74 88
53 88
4 27
3 73
72 87
38 82
32 37
22 60
16 33
74 80
19 81
15 65
48 1
01B7
4 6
188 10
00C1AC3FA23401396821CD53081FB
36 121
34 85
62 117
74 147
138 177
100 115
25 63
53 172
57 118
92 155
148 5
8EEDFB2A336C5D6CE29B75A1B
62 65
6 51
17 110
27 128
22 42
64 14
7035956
30 48
28 39
4 33
8 14
40 46
2 39
17 53
45 56
32 36
17 42
3 5
27 48
24 64
18 61
176 17
B5651E6797A495F85F283F2BD195623DD25B630
110 121
101 117
113 134
31 76
15 126
80 81
49 103
48 115
122 137
138 158
18 79
74 171
61 129
122 126
82 90
41 172
26 127
209 14
EACF4DC4D28FBB5464B8280811B59D88243E622C39C6A047
146 191
10 64
144 185
133 185
119 135
62 165
189 191
86 121
107 116
37 53
34 133
167 195
67 133
49 113
10 12
2D
9 9
4 7
5 9
3 9
2 2
8 9
9 10
4 4
1 3
6 10
3 5
4 4
301 15
C21DDA69DE9F3EC68F04A720FB14812D48AB4B19F23F6
226 229
53 169
163 200
33 46
27 207
17 111
22 193
191 195
209 286
122 162
143 297
184 259
179 199
43 264
27 253
48 1
9D
16 34
153 11
FDA60694C9270F1968F86052B5473CBC4
122 133
80 90
44 138
47 61
128 148
125 135
141 150
17 62
28 129
22 38
71 102
255 13
9D47D3C6E6E42E74F8C
23 33
66 225
61 201
105 121
5 74
27 247
59 61
248 251
77 199
42 242
99 139
124 129
9 235
57 20
8680
4 49
11 52
49 56
13 50
9 24
46 57
15 24
10 23
30 35
26 57
6 44
10 42
38 55
9 44
31 41
33 49
16 27
35 47
19 46
5 17
61 17
274
4 5
10 57
42 58
27 33
24 43
33 36
13 42
41 53
47 57
44 52
23 46
27 34
21 48
8 20
9 10
7 10
17 23
110 15
EDEFF
34 63
66 72
72 84
20 22
34 52
30 77
24 46
17 52
5 47
3 87
19 44
43 46
17 19
5 25
5 71
254 19
AE3D89F822B918252BEF4EF5EC3C46F
109 127
150 192
14 254
60 155
29 110
23 187
6 235
2 226
13 18
99 181
121 185
123 233
60 223
66 68
108 143
116 193
114 153
35 89
28 29
207 18
0F9F4724F078A4A708C120354AEFFF93542708BFD3CC6F5118
30 32
108 185
39 187
62 165
17 69
140 181
10 33
141 163
33 182
70 99
82 191
57 119
90 153
37 42
27 113
21 184
59 86
12 115
76 14
EF1C752BF2BB3817
18 34
60 65
3 60
12 42
16 63
38 50
22 68
21 26
50 64
26 66
8 35
23 63
51 57
2 40
100 18
4C94C06DFF6E41B0284E00F
52 84
34 42
46 87
78 91
19 99
30 98
51 93
3 88
17 70
15 32
28 29
14 23
10 92
21 26
33 78
27 68
6 64
44 83
145 14
FA09398C70D04DBC6054A0B49272DE
40 112
67 144
76 137
13 117
18 65
53 104
102 124
9 16
34 51
95 141
27 101
45 140
12 96
70 87
112 4
84314CA9B2D0CE7E8B338E
45 80
28 100
8 80
67 102
157 17
AF62
79 110
13 19
66 110
80 139
33 128
10 60
40 102
16 25
3 130
111 115
7 77
68 140
115 133
46 73
42 154
15 67
87 92
131 10
C2AB5FDAB
23 76
74 110
92 103
11 87
16 25
72 95
1 100
22 117
20 81
103 123
266 10
23070F6837845CFE21E4159A43CF8F62C9285875365B7F424EAC0D6E01C1B2C
5 58
18 38
48 86
194 196
90 208
29 87
182 182
30 209
158 159
34 79
210 11
37A9F2F2A5FBC
54 144
118 124
61 183
29 71
194 202
125 149
192 207
44 61
46 97
85 103
42 182
132 4
41F46E0D0B334AB006B1E9290A547914
28 61
101 109
9 80
10 33
196 3
0F34509D6710EB5537AFCD3639030AF4A182064CCDDD2
22 70
21 143
56 189
224 8
4CE24EE
58 204
146 165
77 217
147 177
126 175
70 160
84 126
42 221
170 11
A8
22 33
40 90
137 168
41 111
25 128
1 67
20 79
61 140
36 107
47 74
45 81
204 10
FA33A60B6299
120 174
53 84
147 186
159 182
56 182
49 153
99 121
65 112
51 183
40 169
83 6
E962B
40 55
28 74
56 74
27 49
28 75
20 42
236 17
961C8F07699B7E7
154 186
143 226
19 63
28 208
114 123
114 233
109 155
131 196
96 211
104 114
122 144
136 166
15 36
79 214
61 218
110 207
22 129
134 6
FC5D0D8
89 107
6 16
5 30
58 121
4 115
13 38
94 18
EB6
18 92
9 70
54 59
46 56
14 29
60 93
53 57
19 64
19 76
16 76
3 42
63 65
10 42
70 74
28 44
28 33
70 87
8 94
177 20
1
51 155
5 170
17 44
93 94
83 164
27 52
114 155
31 49
91 149
37 92
32 164
25 79
58 147
31 165
137 148
41 135
22 31
118 130
60 153
54 68
32 14
04D5A
15 16
1 16
2 31
19 22
7 20
16 29
6 27
14 14
12 19
10 24
24 32
9 24
13 26
14 19
113 17
6E120208FA
34 78
46 46
53 57
9 41
51 90
16 40
36 77
23 46
4 37
44 89
16 87
46 94
15 43
2 75
43 65
66 96
102 109
175 11
31F4411ACFE076A4BAFB00ED9165596AD
71 155
100 136
20 166
104 105
19 119
67 121
8 23
55 158
116 154
15 133
59 122
173 1
E7AA680
57 103
221 2
954B7C42A1A4D286013
105 153
43 124
85 6
BDC3A70EEF5F
43 56
13 65
48 57
67 74
47 83
38 51
5 3
2
3 4
2 5
2 5
161 2
F09EDDBE9114EF034B9DB45F9C6C
86 134
93 155
189 13
12EE64B6C7B710
75 184
27 166
13 53
85 150
21 146
25 74
70 110
103 175
15 154
80 134
1 10
173 183
62 100
188 16
E9093
56 167
86 172
28 170
99 124
26 183
6 88
28 148
1 28
129 182
6 86
34 103
67 136
47 126
65 133
77 146
15 35
189 18
DA1D99E563FF63FD595A7B18DDF6A9FB721176AA76
119 135
36 134
56 104
120 157
60 71
77 172
132 147
114 187
174 179
54 54
104 105
89 95
86 88
40 184
89 174
57 147
94 108
122 161
19 13
D
2 13
6 12
6 13
4 5
2 15
3 14
6 12
1 7
4 11
13 19
2 8
6 15
1 9
239 4
8199503A15FA50ABC1406B2F2553A9334FCAB21371EB4B
101 197
3 177
218 228
163 179
44 4
9E
13 33
15 43
32 39
10 36
119 3
783846
25 34
8 105
24 103
164 11
6A34CAC83E7B10D216
86 88
103 149
59 83
10 140
50 131
39 142
76 133
57 74
61 81
94 116
122 122
246 5
9A8F482E83787B55205F539D7FBA5DB
14 207
132 216
83 92
35 42
130 138
144 5
4366A8DDB14DC7276FEA6877900A0
11 38
49 62
37 83
58 135
45 106
197 12
0E2B09FC851829B2812094A8C6B7B6536AF540004719
62 67
165 179
15 186
18 40
143 151
49 67
9 83
12 197
13 95
78 115
59 93
67 81
68 18
C9BEBEA1D7
25 27
7 25
17 49
32 53
22 32
22 52
27 63
26 32
21 37
36 50
23 62
25 66
23 62
45 60
9 61
9 22
12 39
2 32
243 18
4E0290E1190210E4CC5D65BD63563D5DF4D083F65E90624B999
116 166
151 180
47 220
155 231
20 52
36 152
119 239
126 205
68 243
173 235
85 106
175 200
17 65
67 153
18 105
161 223
29 147
229 236
284 16
49063F9
91 220
157 177
153 275
144 166
10 148
135 263
194 258
24 219
145 245
170 190
14 160
138 156
246 255
245 259
40 181
109 277
143 3
A23E84E1946C172
97 102
56 63
74 115
225 4
B299547C628368E3D9FE8E95A5B12F6D272C65130E
116 199
124 150
174 196
84 94
164 8
D20F41A24CDF8E940527C865E793AB297CA67930D
81 103
138 158
65 70
60 158
81 86
43 63
123 140
119 162
143 18
BCE14D07B0ECCD22136
96 127
78 141
3 110
69 79
10 122
11 90
10 69
8 83
77 86
2 139
106 108
31 121
56 141
42 48
16 71
125 139
6 135
112 132
147 7
7
41 147
42 142
64 90
32 132
2 9
25 50
6 67
3 11
6
1 2
1 1
2 3
1 3
1 3
3 3
1 1
2 3
2 2
1 3
1 3
75 14
3EB88
59 64
47 69
11 61
37 40
8 35
17 68
64 71
10 69
26 67
61 66
3 75
36 63
11 54
37 40
146 1
81CD71FE60BD264C75A5F64E700BF38E8562
74 127
180 2
8FE1AF586B23CDA070688459
38 138
91 167
46 8
7
31 39
33 39
32 43
38 40
31 38
14 21
19 45
21 27
148 13
467D4B
84 114
50 85
37 82
27 52
54 109
7 147
40 75
14 131
15 143
100 114
33 104
29 71
18 62
187 10
52580145228DCA
45 57
107 186
67 129
9 52
148 172
125 158
145 176
6 43
25 123
23 154
258 7
3E1FE0EF142A16386197166E23C9CA8FE
184 214
46 168
81 131
183 234
91 102
200 232
107 228
115 2
5751F9DF2D3FB5C
36 81
57 94
135 18
ED38DAFB507F46C79AF
48 91
45 66
47 73
4 19
46 70
124 124
25 40
108 129
12 106
54 71
84 115
80 95
105 127
69 122
16 32
30 40
62 63
46 110
211 17
36CB1DDA30AAC3125E7481C103
145 148
185 202
4 77
128 164
33 148
62 119
91 153
133 161
89 158
32 199
26 205
134 154
87 145
78 144
111 175
24 139
186 209
76 6
3806B96A9B9
2 49
29 55
7 69
64 68
62 68
19 74
182 4
2D4E8CDB
30 126
70 117
47 149
174 174
292 8
B118F53B1A
76 93
68 132
143 277
58 271
61 74
173 257
48 236
208 256
158 18
2
42 103
72 109
52 76
13 87
18 148
77 106
45 155
54 157
11 102
7 124
5 101
138 149
9 153
82 141
78 154
54 71
18 155
40 46
109 19
D5CCD4700273458E64BE
37 75
59 79
81 101
3 68
52 75
12 75
18 52
19 68
34 36
59 105
25 108
3 89
36 80
22 55
58 108
11 90
31 67
2 55
70 98
214 15
766DB45F358D2
37 100
60 117
53 65
34 201
148 165
133 152
76 141
37 93
47 166
79 183
122 156
161 207
102 145
143 206
16 23
47 12
329
30 44
13 43
10 42
8 34
3 11
7 36
34 37
35 47
1 22
6 30
23 32
27 44
31 12
B
28 31
9 30
1 2
16 17
3 15
8 20
14 31
18 25
15 28
14 30
16 22
12 17
296 8
30C567F727FA5C0E4821276ED1DBB95D94C3EB19BA5BE33C0F93910
9 11
5 54
88 93
4 230
67 213
8 81
216 231
147 157
125 3
4B70E6BF3C4C6D5B33B
4 25
7 66
94 116
193 14
6790
56 130
29 184
13 63
4 104
61 104
11 21
31 79
111 157
29 165
104 159
176 178
58 163
51 160
34 93
230 1
37E0015A007206D38CF5F997CB4574558B95B381B7F6606EB
9 169
30 15
A
19 21
20 20
26 29
6 23
11 13
3 4
4 6
3 30
14 30
11 14
4 20
19 27
20 23
10 19
2 11
100 1
FDEE6F9BB5E4DB5F8
10 93
62 8
C45928
13 21
4 53
21 33
16 56
25 38
54 58
2 3
26 43
227 20
8175B3412CC6
9 13
147 208
21 42
40 178
5 185
74 149
96 122
143 183
125 211
5 36
6 47
145 187
83 111
143 182
105 209
65 193
96 97
21 167
102 130
103 187
277 6
216CC091CC3FC478C7CBF5591D37CEF
15 25
68 223
203 216
27 89
73 186
37 126
66 15
21B72E37D
14 45
14 25
20 37
17 56
29 53
16 23
29 56
16 54
30 61
27 66
14 22
52 57
14 18
15 61
14 32
95 3
83661D10349F72EF0
62 64
22 32
13 73
9 16
1
5 7
7 8
6 9
1 7
2 3
3 7
2 8
6 8
4 4
6 7
3 8
3 5
2 3
6 9
5 8
3 7
270 10
37B5960D5F546FF9DFA77E651AC748F64E172216855B3220933682
95 126
119 172
172 251
20 140
85 190
117 228
139 205
70 80
35 110
176 255
210 19
6
113 165
26 93
27 54
53 97
18 125
93 151
53 183
53 204
24 76
51 153
97 110
43 204
43 129
44 63
93 177
12 186
31 51
18 115
35 47
214 6
F7E99E66929FCD700DC0BC97FA098A33925A81444EEBF3D9
143 164
95 99
48 124
53 67
3 112
94 162
17 8
6F6A
9 13
3 15
2 9
8 14
4 17
2 14
12 16
9 10
136 6
D28A5F04DD22007F99B5767
97 100
25 51
45 127
76 125
16 91
73 113
64 15
53
43 62
47 60
43 63
16 57
29 43
6 11
2 41
38 56
22 37
7 42
18 29
37 45
1 45
52 56
49 52
174 4
CD1222AED7D18D1B06CDC1A49FADBE9D9F5685717
61 99
6 167
65 106
28 30
256 3
33D745F81FC0F326056
23 184
37 228
32 185
63 5
39B56A9
37 52
10 38
58 61
24 29
29 57
24 2
0CE
6 10
15 18
25 4
88948F
22 24
10 21
1 18
16 23
97 15
199E26F4A123801DBCD63
28 89
39 55
69 84
4 40
40 84
50 96
75 93
27 78
3 81
41 59
38 63
67 74
14 17
4 54
67 96
227 6
0BE536E1853973FB317C0C00080B51B8AA37
133 164
14 166
211 219
25 188
24 39
66 214
81 19
BD7F90316D3AD9025A
52 66
20 43
28 81
25 53
37 39
21 24
26 63
13 63
44 63
14 60
65 77
37 44
1 32
2 27
8 15
11 79
43 56
15 42
6 39
173 13
5E1
87 88
151 161
1 45
10 150
121 159
8 170
50 149
31 59
16 117
27 119
92 163
95 153
66 85
227 1
1B3AC9F88A34FFA
86 96
6 8
A
3 6
3 5
1 2
3 5
1 3
2 3
1 5
2 4
79 10
193A44D0
6 51
9 36
18 23
57 66
23 63
4 35
70 76
19 57
53 79
61 69
59 10
914B9E7F64FF7
2 52
8 17
3 49
11 31
26 33
30 55
27 51
12 17
25 43
47 52
147 18
BAD684AD09DA5442E880C
66 139
123 142
15 87
14 72
6 11
60 78
79 81
27 84
75 90
5 136
10 45
14 128
49 133
56 137
89 143
72 95
67 136
5 122
246 4
567DAF2E19AF96D3F95C691A4ECFDDBBF465866D799A06A8CBA9B4C998AA
146 203
46 100
107 156
43 231
289 5
EEE681AE3705C68F8B1515876CCD15E65D81129609AF
232 234
35 136
115 143
35 255
57 206
166 1
57
48 146
157 1
03D4B39A57C28B0FE4C6F4A7CDE850
48 87
120 12
D2E3B0398D68
64 90
17 50
29 65
18 87
64 77
45 104
101 118
62 79
69 89
51 109
33 33
108 112
22 9
9480
8 19
8 11
12 22
6 18
8 14
14 18
12 22
8 21
19 22
123 7
A8A6659F3D274C2
39 98
56 84
25 96
10 16
53 57
30 34
15 42
220 6
09CE1E1
57 129
101 136
103 119
38 153
4 37
42 85
143 8
4EC8
39 141
37 90
51 86
27 53
16 72
79 83
62 92
69 83
65 7
334442F82069A00
3 34
4 33
37 59
38 52
32 36
14 36
18 50
86 1
1209E797E
10 78
203 18
4B
110 141
18 100
79 201
155 196
6 25
110 127
55 160
38 97
92 122
71 127
26 180
20 34
46 141
71 140
100 114
76 93
57 172
75 115
286 1
972CF3DE2CEFA0A7185CD351D57A62CA79923874C72C15042A6108D312670
39 250
288 10
E74D88
237 243
54 58
175 233
64 88
152 237
94 129
134 249
97 147
143 218
32 131
36 3
1346AABD
16 29
15 20
8 17
39 3
1231C05
14 25
20 23
7 27
71 18
3D3D67D3D732A
9 27
13 36
58 61
31 50
18 52
21 64
5 16
13 37
18 71
10 50
59 59
5 9
35 45
9 55
25 45
3 28
7 24
5 57
246 20
07AA6F34D9C3B34980E6A85556A24B20795DD8CE
115 211
217 236
86 99
18 102
34 68
20 104
76 84
129 244
14 52
46 90
30 137
37 209
37 147
182 206
65 212
119 219
102 184
115 186
95 141
31 47
153 9
99606D4841EBED66682E7FB930193C874F7E
59 87
12 87
19 83
31 55
3 8
47 104
43 91
6 17
49 131
193 9
6C1BE977
118 184
65 77
33 164
71 83
91 141
54 159
10 152
117 159
172 186
227 18
AD81D107C6F873C913DA245EF3BD5C4D3F876DC67A9F945E32418
113 155
123 204
60 165
23 206
124 213
74 193
143 205
10 212
67 189
65 75
148 227
189 210
17 23
67 104
4 38
32 147
76 155
61 100
245 2
5B2C6AA7CA8B4BD56C
126 160
136 177
102 4
E99BD0A08274EBBC4F774
47 76
18 28
88 93
2 81
38 14
B736
25 26
31 36
11 22
31 32
16 23
4 38
6 31
14 25
10 13
3 31
12 18
14 31
2 32
15 35
20 7
FFA
1 11
13 17
4 14
15 19
15 18
16 18
1 5
209 14
600ADE3
163 170
18 176
135 190
38 182
7 99
79 207
72 80
54 54
47 93
124 202
150 182
116 203
114 207
66 171
109 7
3F41E092C3D253B65754
21 57
29 107
21 31
15 74
7 49
22 82
43 65
258 1
81D
193 227
86 17
31382A3CF1C32CC6CABA
48 63
44 60
49 55
51 57
55 85
34 37
55 74
29 71
28 34
31 83
28 76
1 77
40 86
41 45
25 71
9 48
9 31
75 9
24B1DAF29B9CD
58 75
23 44
15 45
29 74
9 69
8 40
27 55
14 71
15 66
226 18
44CA141DDE8C9B715495F501984A25F6A
100 141
6 46
1 126
131 210
87 209
44 193
95 117
58 195
59 110
197 226
18 204
132 210
14 61
188 190
68 170
3 176
63 66
128 221
217 10
0FF787A7680B670D48F5D0F7E30491B720
151 189
42 86
128 144
82 164
113 182
2 121
182 212
24 201
73 187
192 209
147 10
C9CD
17 82
91 116
19 107
87 102
106 121
38 105
66 108
69 106
74 78
92 132
224 2
4BE5A969C5A68
163 205
28 134
102 1
E77A23BF7
4 22
140 6
64C649B8ED7BFBD11A6CD412581870CD6C
70 125
1 109
112 117
43 131
76 120
13 25
3 2
7
3 3
1 3
109 15
BF837FCC48864DC9E99
15 98
81 97
85 105
64 106
11 39
31 92
73 104
6 53
25 40
38 68
7 65
94 96
6 75
65 95
25 36
222 2
E7772E8B9738F3DF33773B76430325C18FD199FBC
133 181
85 166
213 11
46BF686BBB7D1E41CFB25D8B0272B31DC0D5FDF2
61 158
71 175
109 211
104 170
102 200
44 84
107 197
62 128
10 29
108 176
66 91
282 19
1CD8FD5C0D03123E25D42521B7589791867AF1BE28B9
162 229
40 231
23 194
31 263
13 51
44 220
123 252
143 173
120 136
198 259
190 225
34 281
15 68
22 212
27 96
8 80
8 170
8 211
182 188
66 20
6A836797B38
7 45
16 21
45 49
31 33
39 56
8 26
13 23
15 37
19 36
25 46
17 36
35 38
5 13
2 25
20 30
19 59
34 61
41 46
8 34
7 28
201 3
D95AB2F215E128F6B77FA3B17F3B578573C984
103 190
62 94
53 181
137 17
299A3549102E92BBE8A9CA916A644B73
14 66
12 89
105 118
42 100
89 116
81 134
16 60
67 75
65 115
36 45
132 137
34 47
14 34
84 131
40 118
19 62
12 116
142 17
62F53
23 120
22 39
80 87
14 88
32 45
79 109
59 138
84 140
58 132
42 45
8 40
84 142
9 65
3 49
24 121
102 108
38 114
9 7
A
1 2
4 7
6 9
3 6
6 6
5 9
6 9
289 13
2AF0DE0789D0F3E9097F45AD4D09E7EB2D7130FB082
210 248
33 198
63 144
135 169
98 224
26 220
85 137
43 130
64 204
149 240
227 239
109 225
165 200
256 1
8E61A3677023B9AC24999C4C83230D5998DB
18 205
12 4
87C
11 12
5 12
4 10
9 12
209 8
B8189106EC39160569C7C9C6DF25
52 135
76 206
72 119
64 76
153 171
3 200
65 114
92 132
256 17
141092F2DE97BA277D2B02E8073A00281955A29076BC008A9372CBB
97 136
51 128
181 192
85 156
99 122
148 149
22 207
15 77
78 183
5 79
246 247
1 65
33 161
56 73
83 202
63 151
14 233
229 11
E5ADB56A47EEDA33F27C72D36BCD69F7ACE01DE582
7 84
6 216
119 215
20 215
38 90
27 221
71 214
63 87
96 159
33 63
75 178
78 14
38FEFFB0F003A70
23 28
13 63
8 57
52 56
15 32
61 75
59 76
19 68
8 62
55 78
35 78
6 29
58 65
59 66
72 19
24B991D195
4 48
14 26
13 60
35 61
55 71
55 56
34 72
3 47
36 59
3 44
30 41
12 12
35 47
12 63
42 46
53 67
3 50
17 56
58 64
191 19
7AC4AE7815953
87 128
45 139
2 36
96 124
67 172
60 115
1 66
37 161
55 104
43 56
92 107
120 129
75 161
28 183
35 112
20 173
19 144
86 91
84 178
179 18
5B5A0488B9EE24F86DFD01
70 143
122 138
32 64
123 124
12 151
8 82
68 72
115 143
41 66
47 90
123 152
94 141
5 84
32 160
5 178
100 102
136 172
153 155
285 13
FC5CD9FBE0E45BBDB7C1C2A33441D90F799B3B521A8CED3CB1A3E844E69ECACFB59B
194 224
96 254
249 266
173 233
74 104
145 213
34 195
9 136
3 202
187 259
86 285
48 151
146 250
171 8
93E74035
8 137
12 71
6 101
130 161
73 125
85 150
87 157
15 89
257 2
5CB46F52533C1E11AA0E06FE252B
22 214
22 54
242 13
5A273D9DB8F04B32045ED62938851CF6EB57D2475F5F43DFF
34 69
108 138
76 93
15 111
181 189
4 142
92 229
10 41
140 169
121 147
76 195
36 134
7 180
188 11
A3C09
40 76
103 136
50 59
37 188
75 86
99 110
57 61
2 36
160 160
39 55
151 172
196 9
7FD9473789B89FA84AF798A18BCC47CF332F8BC82EAF15CC
56 87
30 100
12 43
141 178
5 117
82 189
93 182
115 170
54 84
238 20
2772854A56727C02B
148 216
1 74
193 221
46 125
30 132
165 220
68 171
19 228
5 8
89 224
118 178
139 163
86 159
3 100
130 222
184 228
162 212
15 117
91 175
99 127
177 1
8724072
136 171
85 16
C6C98
42 59
25 72
13 40
28 30
19 70
2 42
7 17
12 46
14 28
15 35
6 82
44 70
25 68
12 58
17 42
9 69
144 6
D66356767EB
6 19
45 97
68 91
90 91
20 61
40 79
