10
402 717
8D
99 147
301 335
109 198
355 393
4 327
41 51
290 317
90 265
263 312
163 287
75 261
61 168
162 340
107 123
91 291
52 120
117 193
182 186
262 296
15 39
119 339
52 131
124 172
67 124
291 301
181 381
157 367
107 203
117 171
78 130
63 270
324 387
203 276
8 212
13 77
95 161
22 30
277 337
80 371
25 75
1 91
41 328
305 315
100 251
134 170
26 194
69 322
134 346
94 225
77 212
187 330
379 381
170 391
18 359
186 359
145 154
179 236
266 402
13 127
105 241
295 298
160 186
146 232
102 302
21 216
324 359
55 394
24 108
141 302
140 286
39 391
21 293
10 390
4 325
160 246
201 360
85 257
101 258
207 352
179 226
246 331
286 394
15 149
33 390
243 387
202 252
38 83
288 288
159 182
153 163
248 289
286 318
187 320
46 99
74 398
133 217
244 390
126 312
58 256
138 200
35 118
203 323
60 375
33 349
8 209
7 182
102 320
26 384
153 303
28 382
172 297
173 356
207 269
32 175
169 174
307 396
131 340
125 288
354 358
103 216
269 325
218 312
58 223
60 176
164 207
179 313
162 189
27 212
108 278
95 117
82 237
190 333
200 347
203 321
315 351
273 402
97 379
291 347
51 293
43 221
112 399
30 331
1 255
72 73
117 327
168 203
137 232
25 337
13 362
183 399
276 379
248 314
281 370
218 281
58 67
256 395
15 346
112 387
149 402
310 358
21 292
81 246
16 237
76 162
168 341
29 171
193 276
27 186
76 276
182 201
250 345
250 371
166 209
23 296
106 300
203 251
229 387
185 331
136 214
51 352
28 93
1 146
102 114
73 382
123 242
30 318
227 353
204 280
27 267
241 334
232 304
217 314
279 397
27 368
120 231
171 281
91 353
254 318
157 390
92 213
17 332
61 75
26 374
189 371
57 150
12 76
70 98
14 51
145 321
204 388
109 125
91 394
47 401
158 302
177 333
308 348
18 34
170 267
8 111
17 345
107 352
35 372
28 331
59 137
116 383
55 307
191 311
351 393
344 377
22 210
353 400
294 300
198 246
111 223
208 266
127 160
140 216
122 303
159 170
141 262
281 352
26 357
17 277
106 269
189 355
60 80
194 257
257 320
390 395
30 363
240 379
206 344
131 399
145 370
23 261
17 355
50 152
56 399
46 369
29 129
134 167
13 295
7 181
193 340
36 225
296 330
139 225
155 235
39 128
71 392
43 278
212 383
243 249
123 372
222 263
9 144
77 295
122 270
169 199
229 317
211 229
223 382
112 180
153 282
220 312
257 376
226 314
184 253
33 306
148 271
11 112
64 355
357 367
254 319
318 355
24 80
80 261
134 223
103 186
212 283
100 205
148 292
314 322
85 349
89 322
186 268
138 237
21 186
70 193
129 215
41 265
71 309
136 296
105 385
220 314
109 150
62 292
89 275
43 85
57 250
10 81
140 314
67 263
195 218
51 308
57 308
160 171
243 315
16 271
22 35
59 112
86 372
354 380
75 330
304 324
27 222
235 245
242 345
120 163
128 370
225 322
3 241
179 199
234 284
148 274
26 356
15 49
91 301
26 370
137 265
33 154
16 294
164 329
35 176
72 127
218 259
77 335
29 306
256 325
186 311
190 203
58 358
148 314
48 354
171 395
197 233
53 370
19 251
18 55
44 46
90 171
193 344
254 383
93 257
72 98
329 360
304 376
177 256
115 395
243 266
20 68
110 150
291 342
61 311
244 260
145 300
111 390
149 235
34 56
145 341
7 278
111 366
148 163
255 373
19 155
129 214
118 391
254 383
189 308
175 216
15 152
193 354
54 140
69 127
106 353
69 164
96 146
70 106
26 339
19 201
6 322
65 387
49 69
107 321
237 338
137 327
92 353
211 284
107 330
364 400
25 241
123 209
168 262
184 244
92 343
171 357
311 336
23 165
303 321
365 371
92 356
17 99
215 357
142 308
199 368
335 371
289 350
237 377
114 391
232 378
186 388
65 307
74 312
318 334
60 199
46 300
74 266
119 322
177 327
1 35
97 234
205 300
2 164
29 348
50 135
39 55
2 187
272 327
109 240
306 331
159 293
85 326
220 388
113 191
57 326
203 322
35 341
11 145
24 365
72 225
176 390
13 38
49 101
165 205
41 254
10 155
132 402
22 188
135 399
9 226
89 306
286 307
66 178
65 254
62 149
13 375
276 322
145 245
202 281
123 353
54 55
39 88
217 359
129 146
238 253
59 362
168 229
28 355
114 305
115 402
245 270
91 390
103 325
163 288
217 294
219 336
60 142
236 271
202 305
242 309
51 390
271 335
204 327
218 336
56 250
39 313
91 188
17 68
335 350
99 149
296 317
72 332
165 319
203 237
99 187
129 317
70 396
374 389
87 236
62 299
126 402
37 196
93 93
259 372
10 114
2 179
213 284
126 219
183 191
166 253
30 249
108 292
104 398
66 163
57 312
3 36
58 265
10 236
99 328
84 357
129 303
139 227
175 325
98 197
110 184
85 197
181 365
89 277
319 371
60 98
322 399
44 181
8 29
225 339
205 278
40 168
41 110
136 367
136 379
17 83
65 119
303 330
112 244
179 322
48 281
182 379
30 131
87 210
261 352
30 277
86 346
190 258
250 334
115 293
313 389
36 131
93 335
21 118
41 357
366 394
70 106
195 303
253 396
53 327
161 395
110 400
326 370
15 384
169 244
59 118
142 377
288 353
37 360
133 289
26 124
12 85
236 322
69 377
323 375
69 376
245 315
345 382
88 352
184 308
242 325
157 205
214 334
115 324
244 344
102 300
23 185
15 224
221 328
77 272
9 24
332 393
2 306
5 390
82 350
174 243
16 257
160 246
91 323
197 220
243 349
65 298
154 229
158 344
149 216
16 358
28 186
105 283
97 258
118 211
288 391
165 335
124 267
328 362
201 242
15 312
21 392
140 339
125 197
189 251
285 354
211 349
192 344
176 393
109 325
119 316
61 211
52 233
126 370
108 321
124 339
89 169
78 217
56 220
11 121
67 320
184 368
202 216
8 213
58 154
181 196
116 136
67 285
167 237
4 359
171 240
111 254
98 327
310 353
306 348
259 284
118 193
44 282
38 306
117 399
83 362
82 103
34 79
48 276
271 279
239 376
281 315
45 286
256 318
332 355
192 237
40 115
91 356
82 141
10 227
12 163
32 282
125 390
181 279
24 275
118 242
147 320
6 25
122 327
208 234
129 176
229 296
62 230
889 775
CF8B0B56EA4EB51567DDE1518D143D67E1C65077D57F4061A7E6F533BF29BE
151 769
43 819
470 596
535 869
223 687
423 635
583 756
226 879
630 822
315 785
322 743
433 622
286 819
427 684
227 246
617 647
625 796
435 628
278 726
384 518
54 636
125 505
240 359
485 637
124 802
559 729
429 627
370 480
44 195
331 887
450 707
418 456
359 653
402 504
107 211
40 236
141 737
678 845
408 682
739 880
321 411
168 449
241 657
625 805
139 274
644 815
553 698
530 832
82 355
442 572
143 844
166 302
157 572
13 563
334 397
624 865
23 631
303 867
390 395
67 202
462 875
509 737
239 297
233 706
352 757
83 827
365 845
301 587
47 481
79 369
231 660
448 787
505 792
180 827
770 785
4 449
474 536
785 795
142 557
579 865
80 346
215 656
463 707
256 268
29 646
588 806
78 722
369 452
394 525
339 419
726 760
334 603
33 146
308 833
510 616
413 763
485 740
572 741
195 224
122 576
499 681
286 665
352 405
116 491
747 771
119 502
651 842
159 665
587 746
493 872
321 596
350 741
108 237
101 312
69 808
293 747
87 255
564 610
230 779
519 638
340 789
278 716
546 822
363 793
339 718
457 747
252 808
16 756
444 635
457 515
127 450
103 299
105 270
182 391
236 718
106 375
589 655
143 712
26 557
529 719
298 564
9 757
407 563
420 456
167 530
127 198
674 678
39 419
156 385
180 606
473 721
277 324
315 451
745 788
586 888
631 690
50 513
244 666
346 474
232 358
211 324
131 706
536 674
95 383
181 217
84 594
230 243
20 606
196 730
290 541
225 762
223 826
18 373
572 881
467 542
117 134
142 544
517 606
150 546
122 591
16 367
142 819
364 785
481 780
494 811
380 567
330 727
80 478
316 481
470 540
714 866
224 286
122 518
29 54
61 543
135 817
273 659
207 542
202 516
152 801
110 193
334 871
59 396
5 371
86 506
61 755
375 799
377 855
390 549
201 336
83 409
813 878
133 419
26 508
613 841
183 736
35 595
143 433
95 859
126 561
370 555
457 617
651 784
247 616
364 613
36 683
120 446
81 268
466 831
332 859
9 51
97 178
496 771
814 878
671 817
105 337
169 359
385 548
113 691
45 567
481 879
725 813
171 879
130 255
681 818
435 840
308 769
226 729
194 656
440 756
34 495
410 882
143 770
61 530
408 738
296 814
51 608
232 352
89 454
309 608
428 501
630 645
104 338
364 539
53 612
447 743
131 170
400 863
266 684
39 70
546 622
134 354
119 181
376 394
211 417
534 889
176 370
5 630
624 676
139 714
152 409
274 667
543 829
213 639
682 786
586 713
83 858
473 703
181 565
129 874
817 870
292 817
470 584
500 598
166 865
55 176
524 864
362 589
216 490
402 874
113 498
78 638
19 448
75 240
370 783
569 592
94 638
179 230
430 513
326 441
511 597
547 683
646 816
144 383
73 744
342 785
217 769
392 541
160 162
729 801
761 809
197 425
274 365
495 498
378 780
787 851
527 627
513 767
235 621
465 708
148 647
465 780
1 86
125 883
8 600
221 244
290 771
429 641
489 824
678 877
221 664
582 584
257 823
476 727
515 544
649 789
750 883
371 569
619 745
240 710
115 216
438 740
369 409
315 565
99 497
789 885
7 699
375 659
144 807
525 579
110 589
413 775
198 872
658 817
351 887
119 429
472 565
2 525
161 723
654 672
3 225
152 445
431 818
294 756
476 656
223 595
420 823
557 624
357 493
203 803
528 655
355 584
284 359
50 119
477 537
709 867
388 617
615 785
635 692
344 800
281 474
384 772
62 445
33 102
624 855
135 232
128 362
72 257
394 709
210 572
463 645
519 587
257 802
120 580
54 702
215 355
72 606
259 668
354 359
151 450
595 793
698 872
251 729
212 407
709 870
509 790
329 602
262 598
324 468
632 876
72 155
353 525
449 473
22 390
664 677
445 808
592 759
455 884
46 445
9 43
229 755
524 622
52 861
49 577
234 845
45 215
218 438
43 256
33 691
416 458
50 51
504 822
388 848
285 722
436 443
436 776
95 682
394 645
66 554
489 854
50 275
222 420
273 428
156 484
401 552
301 772
851 876
448 535
882 888
741 833
324 474
505 620
413 644
93 715
319 582
100 437
79 400
134 590
318 743
776 826
22 888
507 756
46 435
178 495
71 387
231 239
296 799
40 467
128 716
169 487
12 217
494 594
624 678
746 874
7 459
595 764
10 55
188 372
236 484
299 537
395 810
338 537
123 424
469 530
148 288
725 815
160 550
622 698
353 874
546 643
241 704
262 448
341 413
439 597
45 400
182 496
177 815
718 801
33 803
573 710
434 820
420 732
460 823
501 759
556 595
30 468
61 765
483 701
78 134
109 886
193 594
536 847
324 592
105 118
247 631
400 607
487 514
233 503
294 305
648 834
490 728
137 668
242 742
389 430
298 482
225 452
269 278
702 772
11 268
216 254
40 504
611 637
335 463
719 840
66 714
168 875
249 256
324 873
186 410
160 491
243 796
152 329
58 814
118 154
166 397
374 689
345 859
83 467
218 417
571 720
21 804
506 599
661 665
182 302
203 340
238 287
269 435
8 66
91 116
128 753
133 767
101 411
663 756
235 624
79 809
48 197
437 510
223 313
378 474
37 233
223 725
21 839
545 684
299 390
102 258
129 687
4 539
238 380
308 584
91 561
183 814
172 764
651 822
366 372
378 446
569 586
134 336
195 517
1 161
161 295
683 757
40 359
24 670
247 698
435 733
809 864
229 477
207 797
85 402
465 544
171 627
600 788
364 538
26 314
343 777
620 801
73 140
115 345
218 744
848 857
230 633
51 133
187 635
615 827
530 541
369 523
312 806
668 869
47 753
135 764
368 603
265 636
208 439
79 350
416 741
103 625
472 495
91 341
307 771
161 535
557 785
381 450
147 658
61 62
481 785
448 712
80 95
82 663
507 656
329 739
5 317
210 692
103 820
124 716
385 771
144 723
329 786
245 729
176 725
531 561
142 775
51 756
254 670
94 135
184 879
265 292
103 161
113 339
83 584
352 388
63 758
247 282
61 448
144 726
679 702
171 812
496 654
132 427
278 760
201 761
817 875
537 642
504 734
322 770
61 663
301 582
436 746
263 681
84 297
791 870
21 783
157 677
278 753
23 724
275 870
186 576
90 210
443 545
11 277
17 864
309 604
343 456
178 808
31 773
115 214
404 606
735 760
315 417
207 429
51 437
258 404
195 483
599 722
236 682
740 773
245 636
351 597
67 678
260 868
258 326
120 313
350 360
618 646
27 376
584 821
144 288
85 559
342 532
26 336
277 722
87 526
403 885
474 477
9 740
219 465
270 826
409 542
650 858
138 635
47 596
257 712
353 883
291 752
780 829
115 422
473 691
483 500
33 391
48 433
67 102
492 643
650 816
186 217
456 827
310 403
208 684
587 691
122 715
181 366
804 836
360 612
466 760
482 687
337 608
151 518
46 172
273 830
54 73
490 768
456 826
405 780
367 855
82 701
158 729
260 768
826 838
AC4FB6734B3BE66947FE3F2A70770CE8DFFE67EEFAF
13 537
503 564
114 557
96 268
582 697
224 365
470 478
275 469
83 550
107 400
383 666
205 732
207 670
365 637
578 669
319 335
567 665
196 825
98 301
493 667
759 779
183 444
76 182
55 366
35 402
571 815
403 803
334 585
179 379
297 582
201 359
108 818
7 310
159 651
203 609
126 253
84 223
52 820
11 626
263 700
404 808
263 625
469 555
336 395
112 405
185 201
7 58
77 717
297 355
327 519
75 751
750 818
657 750
390 762
3 578
628 635
170 294
441 559
316 821
178 254
58 373
205 768
338 810
135 382
103 724
518 554
58 265
268 422
577 754
347 448
258 786
338 401
47 710
500 799
596 625
476 812
490 655
418 584
57 438
11 129
169 597
514 534
117 153
71 509
15 759
440 493
247 628
52 545
396 548
685 685
312 325
286 423
11 60
396 574
291 661
219 663
276 419
730 731
332 702
559 604
138 390
34 245
338 672
264 318
337 560
505 715
203 362
174 261
331 369
489 578
743 761
15 151
627 651
169 729
402 566
104 398
461 790
412 538
674 766
333 470
166 331
83 343
677 760
695 778
18 388
293 347
350 578
448 711
387 728
749 773
69 776
542 680
703 750
533 628
385 569
574 666
117 595
315 701
88 325
67 692
15 588
230 240
79 361
222 413
83 602
230 233
111 144
224 648
562 806
616 782
797 811
61 681
164 578
66 657
463 804
33 261
245 548
19 272
533 702
431 447
375 818
66 581
406 590
72 702
684 819
135 415
129 242
152 224
417 549
1 374
252 311
745 785
129 284
26 700
626 636
69 219
546 795
32 653
45 433
98 520
151 756
523 649
82 543
52 757
388 700
576 814
244 395
433 720
72 218
65 534
188 706
503 521
32 303
614 634
616 778
250 315
239 273
102 590
24 50
366 825
141 146
374 465
571 686
543 594
627 797
319 782
33 587
3 524
145 234
62 677
143 174
432 488
702 742
37 757
217 580
490 685
197 796
376 506
346 788
1 40
208 687
32 523
172 518
364 644
124 160
55 368
100 132
455 579
662 699
42 200
75 554
219 597
216 235
250 681
260 691
81 771
147 247
661 679
491 714
484 743
161 758
446 479
225 318
407 632
127 213
286 566
419 467
138 151
596 615
38 220
89 160
413 822
3 321
9 388
538 585
619 666
410 739
240 699
559 631
232 655
80 647
118 128
189 436
237 604
708 717
170 418
396 625
792 815
16 784
104 290
242 626
63 816
356 611
398 453
504 645
578 602
81 759
112 809
47 186
275 345
700 790
145 644
138 676
26 691
559 671
77 285
151 392
629 771
75 168
542 546
413 441
356 632
529 683
382 439
354 793
763 772
412 566
496 818
479 563
71 688
361 397
253 761
124 515
104 428
47 743
88 242
148 471
51 206
364 515
173 250
105 536
244 436
635 694
333 359
306 388
253 300
739 746
288 569
723 773
409 533
239 342
15 291
519 654
547 561
411 797
640 656
115 507
262 577
55 57
591 762
157 492
14 705
247 570
308 773
102 470
415 705
292 706
270 391
152 763
555 724
21 687
180 634
475 602
216 825
523 759
52 200
205 287
222 580
323 589
57 73
346 701
450 531
41 799
216 359
498 773
525 788
526 547
63 295
280 644
46 523
713 777
408 445
624 795
25 242
309 803
200 215
2 762
362 797
49 802
264 734
480 708
445 798
51 428
468 575
39 693
42 295
757 790
13 753
154 164
72 594
413 426
33 383
401 480
420 724
28 347
178 610
167 331
244 317
192 211
288 328
87 743
158 315
264 818
37 372
89 221
694 756
166 500
34 292
74 339
97 595
275 571
32 517
194 619
516 791
492 523
256 795
378 810
414 687
424 541
529 755
286 304
15 213
111 696
200 813
345 570
15 627
224 359
244 783
45 757
150 346
11 50
441 597
165 535
536 639
257 576
73 653
461 708
305 314
2 415
702 704
203 520
472 636
25 526
485 621
17 430
90 143
290 391
501 723
108 536
313 760
54 85
208 380
62 434
639 730
324 612
68 589
222 603
483 572
118 705
611 647
113 131
231 441
763 799
410 455
574 699
145 803
341 785
148 296
107 819
236 591
153 756
490 755
174 756
245 293
245 574
23 189
177 697
294 569
187 217
9 686
460 822
530 626
291 765
122 227
353 473
157 347
355 484
239 781
707 728
217 219
90 552
416 812
1 125
122 609
138 338
220 400
299 537
681 768
547 688
421 759
26 793
308 596
100 762
52 789
515 574
460 478
608 825
106 418
62 724
344 758
245 494
238 597
29 685
204 542
59 112
345 421
334 527
78 496
70 122
164 490
612 771
352 701
291 708
317 680
592 784
192 809
295 624
26 765
369 460
333 757
280 632
75 101
51 440
476 669
444 537
359 467
576 651
36 211
352 361
282 649
49 408
245 503
12 625
2 667
402 563
62 671
222 441
448 778
3 123
171 356
738 796
606 669
43 727
499 733
490 721
114 772
318 347
103 580
25 587
544 733
381 499
268 329
522 576
206 250
158 548
355 779
112 331
6 448
250 773
201 483
715 741
205 793
726 753
36 61
335 544
94 197
34 376
328 792
111 826
450 475
520 645
193 449
419 519
100 676
290 783
400 762
387 714
779 805
205 712
335 433
146 265
21 117
338 599
313 681
116 766
443 570
138 556
369 472
532 569
164 368
27 483
16 812
160 280
315 714
470 626
236 514
517 756
20 596
230 268
663 777
43 398
153 589
456 662
249 373
135 820
325 747
84 457
378 740
379 675
592 622
30 815
30 649
21 561
335 462
180 243
16 825
696 826
480 592
26 398
63 698
347 660
403 733
170 238
182 735
262 367
783 805
402 443
286 632
402 486
532 636
80 569
134 583
132 655
101 193
279 732
298 321
376 657
30 651
238 751
133 286
268 689
276 814
27 797
436 740
42 691
296 597
527 581
4 488
715 723
420 739
544 817
72 617
408 710
522 586
380 698
273 359
222 258
204 503
531 567
318 530
87 443
87 410
165 609
104 389
201 440
339 358
158 722
360 483
37 452
336 504
161 313
215 305
47 49
376 695
293 350
59 620
352 500
332 477
20 572
3 186
97 344
166 358
195 437
349 743
307 314
167 671
166 290
431 755
274 619
127 414
127 225
102 118
14 692
11 410
121 288
672 755
209 771
209 371
39 703
155 314
539 722
680 701
94 252
603 771
122 248
656 770
215 684
381 519
208 596
314 789
731 752
152 351
429 479
157 373
173 768
565 575
686 804
534 688
647 760
229 294
356 712
33 248
154 635
642 711
160 197
413 527
698 735
40 62
550 712
484 497
438 685
187 499
326 634
316 689
347 767
640 750
98 229
325 733
437 767
140 596
42 156
505 766
275 688
25 729
478 812
622 709
138 813
53 250
149 406
540 789
297 734
460 697
762 816
20 298
281 730
301 808
96 193
18 63
333 467
65 817
138 648
119 396
522 652
615 678
341 720
366 611
200 369
454 673
132 598
469 550
262 813
277 698
407 612
139 305
226 552
229 777
34 589
670 713
371 417
568 611
554 584
310 479
413 735
338 589
153 746
766 793
167 685
295 308
201 738
298 665
133 348
291 754
409 707
103 326
40 308
50 492
80 698
18 527
381 737
356 443
585 791
47 600
706 820
488 696
46 795
46 107
143 260
460 580
450 644
502 683
432 645
310 620
262 295
273 798
56 344
418 772
100 160
13 63
246 798
94 665
117 335
211 427
454 526
727 826
170 610
240 365
316 524
334 651
686 824
108 295
40 715
385 729
257 394
93 530
363 746
187 540
53 322
33 552
447 915
2DBDA30944C4500A3633294330F19EBF8D9F50BDF25EBD5E
42 172
66 67
209 379
78 101
12 96
136 296
232 306
9 37
344 384
196 250
39 172
356 418
245 418
25 130
328 337
28 125
169 414
307 388
62 202
52 355
49 256
26 83
218 429
149 202
2 195
122 248
295 421
182 413
193 343
111 236
265 293
224 277
59 82
386 443
396 407
62 165
8 114
14 74
103 349
140 316
192 330
58 415
144 269
308 406
290 443
358 410
86 331
223 296
50 101
252 311
318 439
187 213
119 432
176 286
125 220
71 396
339 395
191 429
37 263
310 409
109 279
78 166
240 328
285 380
166 359
58 432
120 156
238 264
145 187
39 280
311 336
322 338
85 313
222 371
219 386
279 434
8 317
168 277
77 125
25 109
196 298
136 199
227 332
63 244
312 430
163 422
204 343
103 231
148 222
383 393
378 396
295 416
37 118
222 420
217 238
168 363
43 172
215 348
184 415
112 138
192 209
3 87
122 392
183 255
24 177
114 220
320 384
299 374
76 134
86 413
196 227
289 442
126 308
174 439
7 157
83 85
106 430
26 162
124 403
44 238
145 436
250 279
173 202
389 405
119 153
69 443
135 433
120 379
254 271
130 164
140 162
100 430
141 151
354 402
43 54
380 412
364 405
152 343
102 208
313 355
13 145
149 447
205 401
205 364
366 437
28 54
208 310
86 149
80 365
96 174
11 341
206 416
22 358
321 328
179 225
223 291
323 392
5 197
250 388
16 60
167 211
234 423
92 396
162 429
193 445
234 345
73 231
150 311
85 120
330 334
161 323
173 373
27 334
95 429
331 415
157 400
212 405
92 373
35 273
134 208
6 239
25 59
201 417
63 75
164 271
98 304
98 124
435 441
167 234
65 343
24 127
79 150
86 378
61 335
237 416
141 261
189 229
28 266
63 74
46 345
53 207
231 317
130 372
104 204
214 343
284 368
333 388
248 268
129 263
179 434
297 427
53 246
2 138
219 399
304 339
50 274
166 205
43 377
102 355
109 277
308 379
84 278
110 235
91 197
167 262
70 428
96 110
201 210
28 302
228 273
129 211
23 182
288 317
118 364
217 405
109 224
149 362
289 419
122 141
180 255
101 133
75 391
235 423
282 320
357 418
348 401
27 414
229 311
35 108
326 390
240 313
50 282
39 130
287 329
17 398
163 414
146 429
140 257
283 431
40 226
330 338
238 303
96 302
197 295
145 282
49 443
6 215
360 361
220 256
141 166
220 419
114 349
295 372
29 425
17 27
16 103
34 270
25 339
327 412
301 406
146 381
84 353
178 366
143 319
2 143
144 383
106 215
45 144
341 425
67 365
33 253
76 436
42 398
48 423
7 365
196 345
148 442
44 384
18 409
58 266
434 438
223 254
25 357
25 243
61 150
23 160
309 323
114 434
351 432
52 398
160 352
79 367
69 175
66 68
34 287
209 322
128 433
274 307
167 385
65 239
280 419
28 141
15 148
129 228
192 278
222 322
169 410
125 389
27 234
340 366
59 240
299 391
109 421
177 340
294 331
89 308
330 437
223 261
351 413
91 432
3 44
175 352
239 324
241 397
186 437
439 443
367 368
209 437
306 433
223 416
221 232
106 159
144 193
38 336
411 425
56 70
171 425
128 333
37 42
17 292
179 247
193 351
4 444
220 327
318 414
202 226
26 375
287 363
163 278
220 345
148 378
291 413
310 343
250 318
113 393
48 394
113 337
191 202
145 287
20 364
139 162
111 302
311 369
163 209
217 271
4 315
153 320
128 281
327 349
115 323
240 286
126 356
54 97
28 368
54 316
417 435
20 165
65 140
247 441
70 190
168 241
1 209
194 258
76 402
199 426
134 303
205 374
60 329
84 369
301 357
101 401
6 340
36 442
150 166
148 363
26 82
22 211
242 338
222 311
239 355
156 286
102 387
98 290
64 327
105 396
245 418
102 187
206 340
83 226
26 129
13 95
137 297
32 294
49 234
152 393
183 416
156 278
125 333
175 371
291 317
256 360
90 224
158 426
313 360
128 249
213 343
112 407
65 285
17 332
162 164
67 90
235 247
153 442
79 296
267 425
86 376
46 140
181 293
58 212
322 386
257 388
254 379
288 424
28 126
91 117
338 409
139 245
67 207
277 380
166 390
57 314
236 337
48 346
265 316
322 357
237 340
166 429
143 302
344 352
150 418
356 403
2 237
133 161
68 418
172 447
270 356
86 95
49 95
184 234
142 444
192 229
97 372
19 101
98 383
44 169
13 340
82 144
34 332
140 299
156 248
208 214
2 350
322 433
155 432
106 266
285 412
263 423
56 74
95 283
151 166
265 339
71 338
246 347
245 330
44 386
91 286
100 253
93 235
221 286
174 398
67 382
188 275
58 277
298 444
80 111
35 187
194 383
375 431
144 360
158 382
65 244
21 399
303 403
298 320
33 189
45 161
246 441
126 264
30 364
373 442
56 380
53 188
144 333
58 307
279 300
51 120
79 165
118 159
147 256
205 443
237 377
198 423
360 402
135 268
200 200
94 437
330 386
49 123
3 153
1 215
87 151
308 350
50 263
80 399
104 188
161 331
40 148
280 442
102 228
27 281
131 172
171 212
15 142
98 285
57 344
271 433
250 446
155 222
39 235
82 183
195 360
92 301
154 224
68 252
225 243
119 327
56 234
82 443
297 434
125 283
71 175
94 393
153 281
11 427
200 405
82 295
236 410
414 434
39 91
219 444
381 383
212 279
26 241
237 341
233 309
354 397
267 375
92 152
146 364
114 225
66 266
144 158
238 281
270 348
207 418
327 443
16 98
275 428
83 327
44 282
17 101
316 435
147 178
40 116
8 293
61 329
437 443
79 220
121 298
192 300
88 88
375 426
290 324
106 234
159 267
79 84
57 261
237 374
149 236
319 430
255 303
147 384
65 274
164 178
240 320
161 332
276 437
154 359
313 403
72 247
50 96
83 414
29 266
29 270
42 227
175 288
42 142
336 428
253 446
341 403
224 298
26 379
159 167
244 317
13 260
234 436
113 261
1 395
14 254
107 415
206 276
32 96
14 302
138 278
136 399
211 415
327 415
153 359
4 171
169 287
215 371
358 393
64 177
311 435
182 352
87 406
15 226
185 211
139 398
276 318
25 151
5 84
252 395
84 431
219 239
48 418
193 230
45 404
36 246
58 96
168 436
169 313
36 339
407 433
215 383
30 155
88 279
108 284
201 431
98 393
82 277
181 361
114 387
4 191
138 329
139 186
44 382
29 298
144 353
92 94
259 317
42 306
74 369
39 306
104 129
218 437
29 356
315 383
29 433
2 28
194 371
221 323
20 144
123 431
233 401
166 190
361 408
109 273
89 238
6 346
110 211
245 349
97 372
63 390
130 291
341 382
15 323
60 65
84 188
23 154
70 150
361 378
228 407
174 375
244 436
6 250
300 348
194 380
131 337
62 252
118 131
80 135
125 217
73 302
47 339
187 392
252 334
86 293
236 356
239 415
326 392
54 98
257 445
124 351
110 122
21 417
321 349
90 241
88 91
86 92
251 369
91 187
55 67
131 196
106 341
102 364
333 443
171 375
220 351
167 408
215 239
28 94
8 386
77 190
200 317
50 330
197 367
55 107
166 298
251 359
31 315
359 380
80 181
16 424
430 438
168 293
227 228
274 429
44 438
177 208
5 347
69 207
152 411
118 423
118 128
121 173
373 419
92 127
71 385
229 387
45 159
162 413
241 280
113 439
110 230
256 305
320 414
99 268
83 368
110 345
159 424
48 400
289 361
182 383
110 125
122 443
62 179
341 380
76 97
12 30
154 313
8 298
74 340
137 153
180 256
192 415
231 311
68 287
128 415
110 248
64 198
357 426
26 360
128 186
73 324
124 329
291 379
145 440
44 355
148 441
319 423
173 195
153 435
44 67
91 283
98 340
24 114
116 214
46 273
246 249
426 435
55 423
284 386
331 356
231 239
188 359
72 187
156 389
55 114
3 311
55 98
24 352
1 399
104 328
73 289
272 316
158 297
169 206
67 174
345 378
143 200
165 247
10 335
69 369
38 104
291 366
99 100
79 91
295 390
169 182
162 445
324 404
208 223
190 410
15 141
173 329
393 437
77 94
5 289
19 256
267 350
100 188
25 252
91 188
66 249
633 246
CAA0D94A998E82E9BA802C30774031DF36BE3481486D32BD692706BDBEE
125 608
232 451
104 135
28 37
415 546
125 246
435 489
538 575
130 196
38 493
402 529
133 243
449 492
263 503
23 571
23 546
148 615
7 283
46 532
324 562
149 165
342 472
313 581
85 316
101 145
238 373
113 277
259 407
395 485
443 488
266 606
51 514
335 605
305 539
259 396
171 576
352 420
231 479
56 126
155 302
30 553
444 607
285 300
182 537
422 605
73 108
125 180
29 482
146 270
461 554
93 229
188 599
12 263
70 319
437 581
16 626
7 155
257 294
166 423
358 407
183 577
5 159
207 407
357 360
15 249
232 562
260 350
25 255
18 233
468 596
580 633
70 569
456 513
324 333
488 507
114 518
141 503
170 286
269 275
125 181
146 490
232 348
278 390
172 477
73 493
7 331
175 198
96 208
188 626
134 392
222 405
410 505
71 317
64 487
182 557
161 374
227 303
61 359
382 423
5 141
183 506
545 613
163 204
194 554
418 585
428 590
92 249
151 284
144 589
203 299
344 573
120 340
314 460
231 398
201 557
144 567
286 311
64 132
281 405
135 340
17 598
221 519
482 565
354 503
212 584
54 449
563 613
212 556
91 488
537 554
122 468
159 340
11 527
240 370
186 468
246 615
267 466
197 421
399 624
229 501
192 478
256 267
139 404
17 497
342 592
164 603
48 367
332 366
219 220
173 364
200 628
311 616
304 376
403 411
224 333
575 610
248 542
82 414
153 365
34 429
232 406
438 515
234 520
349 477
61 103
173 521
336 533
299 586
105 616
624 628
111 510
521 631
41 334
348 560
118 368
40 460
132 301
452 549
25 301
41 199
18 246
226 375
116 444
100 462
337 568
114 220
271 620
512 519
395 591
406 556
4 65
2 15
28 275
461 548
168 214
339 489
97 238
238 536
84 429
382 565
356 496
21 202
38 168
63 250
15 190
75 208
43 397
225 343
194 531
546 590
183 578
154 598
505 567
205 618
62 356
167 430
88 545
63 589
71 86
533 535
145 625
76 173
400 564
156 615
20 221
43 375
216 313
443 550
34 59
310 482
121 511
100 235
207 613
77 456
173 247
20 412
135 471
115 197
24 269
303 369
376 383
493 587
50 560
114 242
367 618
11 217
124 500
8B9EC7B5842CA
15 68
97 106
65 75
26 106
49 122
9 22
54 102
26 84
44 104
22 65
75 95
42 82
9 124
30 51
30 72
23 39
24 92
43 124
10 96
36 77
32 94
9 23
41 100
25 38
98 103
88 101
30 70
22 58
9 12
28 76
100 120
81 111
32 40
13 44
12 88
97 115
43 98
34 100
13 49
55 110
24 42
50 81
55 101
95 113
15 57
87 92
75 102
54 77
7 16
20 117
30 62
41 118
16 76
21 78
38 64
72 123
32 123
40 105
14 30
15 46
66 70
39 66
73 106
23 36
8 100
71 112
69 113
13 106
14 28
23 99
54 80
2 43
37 52
24 55
6 12
69 97
100 123
78 88
32 94
106 121
20 59
21 45
36 119
15 66
11 56
6 42
7 94
30 98
36 111
22 121
23 120
12 40
54 87
89 123
14 101
54 71
61 72
53 68
33 71
5 61
50 101
31 102
8 25
5 91
87 97
22 56
6 18
1 90
27 62
93 113
91 101
16 51
26 29
48 85
24 106
16 116
80 88
30 71
65 120
6 47
15 73
59 67
31 85
29 114
56 70
30 37
54 64
29 43
20 112
37 67
79 100
86 97
53 122
2 118
8 56
55 123
32 45
25 115
18 33
17 78
14 97
65 83
105 115
37 111
105 123
34 108
107 108
33 51
110 121
62 94
49 56
103 124
48 55
40 52
22 43
6 104
13 59
62 116
68 70
52 116
7 73
62 82
13 114
79 84
59 94
12 58
20 76
4 72
17 70
63 82
10 64
56 70
46 113
39 39
52 60
67 75
3 20
74 123
8 9
76 114
76 106
56 68
24 32
33 53
43 124
45 124
26 90
37 48
38 79
40 83
29 42
9 63
103 123
32 115
33 47
23 92
31 47
78 108
63 65
106 116
17 18
4 98
14 73
3 101
66 97
33 33
45 61
15 51
27 105
21 47
33 87
27 41
48 100
4 64
67 122
26 90
18 60
58 67
64 71
7 14
61 106
55 111
60 64
100 118
9 81
15 28
43 61
58 82
2 106
80 101
26 96
8 119
121 121
82 96
53 65
72 102
35 92
40 88
62 121
50 66
29 40
23 82
54 70
16 89
17 79
10 51
37 66
99 111
27 70
67 84
13 51
107 122
18 34
17 38
58 86
5 23
45 116
76 99
79 113
7 76
74 94
70 91
67 106
10 88
106 124
106 118
105 124
114 117
96 123
72 83
22 59
38 114
40 52
10 63
7 76
1 69
42 67
22 120
46 47
1 64
111 113
15 25
28 95
95 107
29 36
55 89
45 108
12 17
80 97
8 56
12 38
25 66
24 50
17 95
1 91
20 115
105 116
2 108
31 53
104 113
79 85
73 105
73 122
7 93
75 122
74 110
42 44
87 91
13 29
43 80
31 110
8 82
78 79
14 61
22 72
6 117
10 118
29 66
47 74
4 48
102 106
58 114
3 85
96 107
80 104
43 58
1 95
45 95
61 117
24 81
46 51
32 56
60 91
17 110
1 34
72 85
5 98
56 65
40 67
46 112
37 121
54 107
107 120
25 44
5 75
59 116
14 85
107 115
116 122
79 107
9 44
63 112
82 84
72 116
37 113
16 110
13 89
28 82
49 96
94 119
15 46
18 29
18 67
46 79
50 53
27 47
66 119
42 95
39 67
16 18
5 38
31 100
41 99
9 14
73 123
14 73
1 66
16 50
74 114
100 124
45 88
60 75
19 68
40 96
73 109
40 60
54 67
84 114
68 114
13 36
31 98
50 73
32 47
77 83
11 33
40 48
49 64
5 68
5 55
69 111
57 73
21 65
11 98
73 88
9 34
106 109
9 11
28 90
60 123
70 70
6 123
57 57
4 86
47 108
34 82
34 95
5 104
23 34
72 102
78 80
10 96
78 101
75 87
28 33
57 71
74 112
30 116
72 118
63 93
97 115
106 119
18 40
45 94
8 17
73 116
13 91
29 30
16 63
48 97
6 107
66 93
9 57
50 92
79 111
14 27
1 124
14 75
15 106
72 109
10 92
58 111
91 111
38 114
54 87
19 73
3 52
61 75
86 117
32 59
38 103
79 81
83 98
30 78
75 121
35 81
33 52
27 91
4 15
27 34
64 104
22 46
58 106
14 91
60 72
32 80
53 102
29 31
38 64
51 82
10 102
56 61
36 108
91 100
65 84
35 95
65 119
40 102
54 115
8 29
100 106
72 90
38 65
7 66
64 93
20 116
56 83
14 84
18 49
36 108
51 72
857 785
229CD050CD888DD6EF2BF6B5CC864A6BADF4A6B73E570A86535B3B6A3F59C72936ACDE3AA6A1E38CD17A31C3FB58F560F2FF0C85B734C96712E253DCC58EF7BB584AD9
226 610
270 556
308 672
69 554
20 590
243 463
651 741
209 489
239 763
196 829
94 299
569 609
271 440
188 420
314 595
9 224
680 782
473 785
403 841
699 797
191 359
339 779
326 479
480 569
305 482
31 431
50 725
16 430
299 656
22 811
506 782
115 792
111 156
373 376
189 429
98 438
681 707
397 756
257 656
347 577
292 347
252 263
15 266
523 636
370 455
221 400
472 697
49 53
629 671
461 672
296 848
168 384
50 826
196 204
252 305
472 583
81 532
228 346
556 701
25 368
94 219
295 512
430 831
315 528
247 661
362 386
343 805
258 358
68 753
522 851
573 672
544 734
371 847
116 154
355 583
123 217
107 650
556 618
252 753
265 671
119 274
619 735
660 775
21 266
266 340
142 298
288 452
221 258
733 810
248 531
33 572
524 756
120 132
787 790
36 792
85 633
470 716
312 417
504 801
175 659
371 590
414 715
380 636
280 768
777 803
79 101
29 665
39 646
636 655
256 314
176 678
345 641
458 468
204 708
69 680
240 829
85 760
101 225
615 810
661 797
191 603
390 655
186 516
690 774
766 848
275 286
64 847
682 814
65 131
131 355
321 727
115 314
335 563
476 586
122 784
217 820
306 478
584 619
492 507
149 843
405 462
52 695
314 744
6 362
193 459
357 513
348 767
660 691
28 215
682 835
637 726
166 336
104 516
468 639
353 377
257 733
254 712
50 784
163 551
281 697
665 732
73 687
460 815
102 657
465 676
568 778
598 732
36 795
267 579
10 643
258 855
265 599
61 499
183 513
251 648
559 578
459 582
175 413
675 714
333 463
130 640
5 46
325 669
127 405
612 653
90 114
264 613
240 547
50 774
71 359
252 298
344 442
463 473
73 267
56 395
2 95
654 809
47 445
448 464
13 676
298 717
221 756
170 268
351 528
103 107
358 678
149 230
102 471
570 673
142 755
231 808
323 605
231 317
423 855
359 679
451 764
45 692
83 190
465 683
152 435
147 150
186 825
73 743
124 663
193 426
232 537
39 723
350 525
159 831
371 628
438 535
31 85
277 850
269 392
299 657
113 242
55 764
196 769
751 765
24 681
79 151
62 667
607 668
55 402
476 725
144 715
112 703
211 217
482 623
559 654
118 321
25 28
120 243
528 756
208 789
310 835
159 393
189 343
444 607
473 758
423 662
474 588
198 443
344 697
190 571
97 458
72 627
160 420
49 219
535 546
86 207
440 665
315 530
483 679
351 382
217 307
463 524
372 475
535 592
241 507
382 844
637 651
165 224
247 460
371 482
591 817
334 572
232 275
250 345
288 754
442 626
429 773
718 756
501 611
130 335
33 714
121 455
179 726
33 418
205 272
153 563
34 170
617 714
580 686
412 470
59 248
550 753
43 544
617 734
89 692
107 485
384 810
501 521
354 690
274 766
111 560
233 521
319 667
218 801
281 583
89 790
486 846
397 738
382 767
367 430
222 513
140 207
68 407
217 488
371 527
405 553
521 615
507 566
197 360
309 373
155 709
374 452
402 703
181 844
272 368
611 618
210 270
733 738
176 184
162 674
318 576
259 475
41 573
120 640
250 742
292 852
312 416
407 689
136 503
252 595
651 809
579 785
640 764
394 545
485 771
184 580
612 677
136 594
572 821
407 747
669 695
189 367
79 707
314 456
615 710
14 45
141 696
166 712
276 406
155 500
89 281
525 666
240 593
199 768
249 525
275 423
256 374
171 770
58 63
138 292
565 590
420 425
46 489
36 792
213 388
60 342
141 292
251 252
451 625
100 838
53 313
50 480
769 857
187 193
359 496
599 658
240 548
76 768
136 280
776 792
186 591
334 778
38 324
44 637
572 804
125 630
56 500
234 722
105 560
214 237
19 535
51 757
443 726
186 803
467 668
500 565
360 796
150 820
86 807
590 749
137 315
52 540
20 139
294 302
259 470
387 621
12 585
365 434
310 631
132 727
20 485
377 602
102 296
136 436
76 361
837 848
64 818
134 173
39 474
57 344
65 194
160 666
477 631
35 387
524 602
261 482
36 401
741 837
51 802
412 587
319 762
642 788
417 805
317 812
285 753
69 565
439 606
268 413
215 650
553 558
132 587
268 279
734 762
84 367
376 736
139 309
284 711
468 748
356 477
94 392
112 321
69 481
419 683
203 421
272 520
179 463
262 403
498 612
552 639
322 463
109 590
368 384
223 717
90 592
388 584
373 492
354 570
88 363
643 711
595 856
26 623
275 394
320 378
74 592
259 832
484 840
631 682
349 423
671 824
398 623
29 629
293 302
480 500
282 718
105 525
342 408
12 771
499 658
269 443
427 564
147 507
349 426
46 637
117 334
233 519
391 773
254 705
116 499
36 253
165 790
232 362
587 631
287 680
153 841
408 784
11 647
460 483
273 620
337 842
278 368
286 518
117 731
487 793
444 793
418 486
20 748
44 624
561 761
305 479
460 501
786 787
44 778
19 350
723 806
238 803
303 409
546 778
361 821
429 700
13 391
190 498
58 821
20 776
265 491
611 616
399 559
486 524
290 381
174 618
83 826
227 497
336 846
183 781
546 680
59 853
109 856
140 439
43 643
230 513
572 792
152 293
549 844
340 719
1 266
344 659
435 542
96 272
474 795
190 278
168 501
89 323
625 712
481 766
20 589
521 753
506 540
205 249
812 839
304 696
127 384
699 741
130 835
303 815
612 770
402 805
518 548
738 801
524 785
287 458
194 473
649 810
128 428
159 639
178 363
27 702
544 675
676 776
81 820
183 598
537 734
598 711
29 595
91 299
44 205
218 823
148 402
139 604
245 284
272 348
84 468
624 804
192 743
100 205
217 390
329 504
192 291
216 789
457 554
190 509
38 181
508 587
191 481
486 856
404 592
325 549
10 525
23 661
70 443
69 227
586 716
85 325
473 736
550 640
228 367
521 853
24 372
234 759
206 398
136 414
104 230
620 681
509 626
349 635
71 332
82 333
60 702
49 164
374 847
593 758
59 450
447 667
219 833
783 850
756 800
292 443
583 592
159 438
552 747
465 692
82 215
128 470
347 366
203 460
285 700
766 856
582 677
329 595
105 365
81 564
214 686
99 744
161 630
126 196
138 827
125 791
121 722
487 636
702 797
665 675
18 446
32 574
34 757
694 817
550 672
504 665
374 662
315 671
481 540
248 721
110 706
384 786
685 692
23 449
198 796
569 617
59 457
111 226
115 516
201 349
193 300
50 138
240 676
340 408
520 708
70 773
622 787
353 750
250 469
23 124
43 312
376 732
125 215
10 500
498 516
121 837
210 697
274 665
386 616
268 597
479 543
377 437
371 656
286 849
208 422
32 648
362 716
10 682
242 821
4 821
108 471
704 785
354 472
433 708
704 843
462 588
183 355
562 826
463 831
586 775
495 724
456 648
282 465
132 572
757 824
163 397
200 393
568 606
406 619
682 845
486 494
261 741
18 461
277 763
616 647
175 207
10 408
166 342
437 546
484 737
164 449
310 773
64 742
485 746
5 834
197 298
203 244
252 586
511 570
423 747
570 654
345 520
6FABF141985DEBC9ABE5CF193441ABC642289E427627528861A1EDD4BAB609EC69FC7B9A
75 246
132 145
109 336
147 150
325 336
132 240
33 244
58 126
159 334
76 192
216 258
33 203
15 229
119 295
102 260
24 86
20 101
19 75
18 229
156 284
220 231
40 292
154 284
180 334
128 218
195 264
147 260
137 183
163 283
119 325
85 205
47 145
150 195
101 257
272 286
126 208
34 344
14 335
126 154
162 342
123 293
220 312
134 235
142 174
153 245
173 295
91 240
133 332
86 296
59 96
63 113
155 158
38 69
55 196
62 130
113 276
22 119
44 317
10 80
83 246
90 290
121 242
112 156
176 203
256 334
45 210
18 335
244 271
26 272
97 327
185 285
145 224
97 316
103 176
20 263
95 273
111 283
67 268
312 344
83 306
293 341
289 289
326 343
151 196
122 168
158 204
43 205
143 146
161 243
7 48
237 284
304 333
81 263
39 219
277 314
247 295
96 287
150 179
105 157
235 267
58 132
277 342
158 162
206 225
88 320
77 311
40 214
81 233
77 344
44 308
51 177
155 250
5 122
145 267
57 124
193 245
93 214
4 334
56 321
234 281
195 331
213 277
157 281
197 336
178 184
94 151
70 106
181 234
33 59
17 205
255 293
16 81
27 232
87 190
53 171
6 58
81 283
175 242
136 188
10 71
101 259
209 272
121 316
299 344
201 272
138 252
10 319
119 233
14 152
70 312
204 302
67 268
98 146
151 269
170 187
25 323
126 224
5 120
11 123
34 187
114 299
46 235
222 283
29 124
16 257
35 210
24 49
12 101
42 91
132 269
45 345
64 266
2 68
12 119
179 296
99 261
48 75
222 287
75 84
106 306
146 265
125 200
91 268
108 250
129 216
24 217
250 316
27 141
37 113
161 331
19 203
106 108
87 122
151 166
194 288
92 259
96 202
115 158
140 283
183 234
1 194
222 345
101 136
193 277
188 306
173 299
215 320
92 165
51 327
116 197
37 318
126 325
66 195
56 284
255 336
54 151
29 321
127 247
213 321
1 261
157 208
114 133
51 299
51 309
132 144
65 97
155 310
99 181
181 303
153 218
55 288
48 167
158 336
136 174
28 121
97 100
34 74
30 199
136 239
253 314
25 233
22 297
56 305
27 301
169 220
32 55
193 335
17 121
102 322
135 136
340 344
2 15
133 243
42 63
149 332
26 62
37 227
97 142
44 68
144 146
191 262
92 152
212 305
80 295
57 233
61 268
32 201
5 67
53 259
81 247
36 76
190 294
127 337
118 259
186 330
160 214
35 77
196 332
191 337
22 57
38 89
83 182
14 142
120 305
7 81
142 265
18 317
32 317
100 309
64 270
62 212
21 75
87 234
66 178
74 238
76 314
68 293
125 282
42 113
136 192
12 264
73 156
13 138
210 329
186 226
106 154
31 338
322 345
128 248
47 327
30 250
176 286
201 249
5 15
249 274
174 217
43 258
152 281
116 316
153 201
81 134
83 339
111 311
29 116
234 297
191 311
192 234
58 104
260 291
119 199
153 277
53 183
12 274
24 236
188 321
160 189
61 283
163 311
232 275
52 278
76 117
45 83
149 229
220 222
76 288
130 257
232 321
70 141
10 71
32 217
172 250
49 164
91 194
165 192
136 203
165 224
76 322
193 334
162 286
82 305
39 147
137 270
60 135
128 133
69 156
12 306
170 305
80 261
144 301
73 250
239 267
133 261
67 204
24 42
211 222
45 214
81 272
67 329
166 289
231 304
154 318
25 63
183 307
223 231
69 342
20 258
153 184
71 314
251 304
291 305
113 163
106 281
151 333
146 210
28 303
137 207
99 151
7 14
122 134
72 178
186 253
95 104
44 66
198 209
58 163
170 179
251 334
161 168
221 332
54 123
88 98
190 207
82 144
10 124
263 291
140 338
4 24
77 209
78 242
172 241
14 70
158 249
220 223
27 203
71 230
219 282
117 144
137 156
197 213
169 198
96 124
212 319
42 44
25 105
104 268
96 108
15 334
110 172
124 195
83 92
68 301
195 215
89 297
139 144
58 107
105 299
49 328
186 342
15 304
105 142
192 338
128 189
25 156
12 174
57 174
157 167
232 252
85 277
23 229
52 270
299 319
143 332
234 257
96 247
153 182
90 326
38 254
153 162
231 314
81 249
28 152
7 41
18 197
35 294
188 216
31 73
24 213
29 254
164 290
90 242
98 184
37 310
171 273
87 156
312 314
74 170
148 240
6 288
246 318
212 219
118 332
311 314
149 161
72 234
12 216
163 303
74 111
8 339
166 256
124 146
173 331
5 28
99 192
131 204
212 327
125 278
39 110
123 209
79 325
106 303
71 278
245 307
7 223
79 101
86 220
140 188
22 89
89 197
37 103
178 291
928 945
EE9CE6DE6A6FB657D2DB5146D61C6CBBD73A6EB
98 110
450 490
126 653
260 766
152 395
270 451
63 569
624 829
201 232
40 475
594 754
531 899
565 830
395 919
187 595
195 635
224 239
544 774
552 574
106 819
71 684
65 193
246 815
181 786
706 854
115 859
615 671
669 864
569 650
165 185
197 765
383 850
457 642
131 408
503 908
679 772
402 523
281 505
82 795
470 765
233 361
589 839
367 444
109 584
174 752
326 807
51 629
262 429
439 855
19 377
501 546
191 304
526 748
208 760
552 609
180 264
80 812
43 455
508 776
400 543
209 831
691 842
467 830
304 481
331 811
441 492
326 830
565 602
603 647
9 157
241 522
171 386
282 673
439 630
50 65
331 914
642 915
33 693
242 866
210 237
232 612
868 926
280 840
97 610
273 751
818 865
459 684
269 875
271 760
585 923
548 608
138 645
155 344
768 783
211 627
661 804
355 535
723 790
3 73
376 545
804 832
327 621
648 849
550 905
226 367
747 870
345 379
273 420
132 402
658 878
441 666
303 587
85 104
203 438
500 767
44 479
262 515
129 218
211 585
32 905
481 719
621 811
191 799
171 414
130 237
400 909
529 603
397 489
323 373
105 836
715 780
155 862
74 77
455 912
248 472
522 878
249 317
480 671
431 775
24 669
43 681
360 870
301 918
57 377
273 867
292 897
287 629
622 721
125 232
39 522
70 862
325 512
302 663
301 637
79 522
2 370
210 595
303 567
365 649
457 578
194 294
598 789
284 793
100 504
470 832
77 679
67 361
240 626
444 547
664 700
351 642
306 363
664 689
276 555
135 559
399 797
874 876
87 151
11 626
131 532
617 692
95 701
293 389
615 741
35 268
223 472
89 579
267 827
391 476
550 655
62 723
777 847
703 823
242 563
184 916
419 747
88 664
59 504
27 244
113 284
59 819
233 660
128 639
128 303
164 852
143 548
113 640
437 706
882 910
50 154
4 717
139 203
182 716
206 922
49 592
147 708
665 876
220 323
49 141
194 542
514 561
394 552
39 753
41 598
608 876
438 472
235 583
411 697
628 664
81 589
306 549
661 837
732 824
755 874
670 834
263 301
358 453
58 563
228 706
52 141
293 695
285 594
190 339
162 887
256 262
336 885
406 600
236 629
202 315
153 798
564 571
612 804
208 468
187 249
792 849
818 878
215 687
103 447
531 669
91 390
173 315
29 593
76 321
417 492
287 508
446 709
227 718
205 242
187 682
441 772
571 587
6 156
360 384
61 416
118 671
155 440
389 446
199 218
920 924
39 320
420 577
362 877
283 476
216 397
250 358
381 477
228 534
82 606
755 866
292 559
105 438
356 430
268 575
146 487
158 492
384 722
505 925
231 429
318 867
324 564
250 854
114 313
173 922
139 589
132 547
305 392
38 53
461 605
551 802
683 844
87 745
247 599
149 418
90 808
109 596
149 580
45 547
478 504
480 793
470 840
408 739
98 209
65 192
374 794
66 289
237 560
70 314
201 873
284 550
201 302
495 885
290 769
288 520
217 744
68 349
436 719
6 133
460 521
56 741
199 724
50 144
155 369
31 701
259 898
484 724
201 453
72 790
505 528
232 547
333 674
310 477
367 422
567 747
117 424
204 470
341 524
27 848
405 581
70 333
161 611
380 738
191 363
480 604
306 371
91 502
155 611
143 466
181 920
174 441
324 565
492 888
97 253
428 667
495 588
208 762
249 680
661 772
445 804
94 806
66 271
73 315
75 346
561 603
75 639
157 714
222 235
773 838
224 928
398 518
30 891
364 784
141 499
620 904
644 858
568 747
416 699
156 536
76 374
296 417
165 217
150 247
532 850
616 898
358 833
319 850
128 500
411 729
71 459
279 473
721 806
200 550
216 768
223 548
642 756
573 597
686 857
375 493
149 754
351 779
361 548
185 685
801 857
191 363
673 926
329 820
200 754
540 669
340 868
172 380
26 283
375 715
266 368
39 872
410 503
56 221
333 575
26 385
36 761
759 921
451 887
157 464
24 31
444 473
33 741
674 742
67 690
329 742
522 786
701 766
222 651
213 678
214 915
14 702
80 479
207 348
30 297
424 776
19 733
23 191
202 897
104 441
520 802
30 851
115 145
152 597
466 584
404 672
17 881
136 516
53 850
37 116
140 773
321 656
857 877
685 722
531 534
700 765
107 122
848 883
81 770
147 720
866 877
182 573
216 246
136 774
470 905
250 716
677 742
654 676
71 550
821 862
82 853
168 682
53 749
169 283
78 110
149 658
394 656
457 525
489 779
448 756
90 639
379 714
260 763
598 812
214 807
214 515
120 536
99 197
54 120
345 899
489 850
46 402
341 551
565 853
115 755
389 421
642 702
532 786
130 652
313 602
158 792
640 861
755 820
226 470
62 821
259 452
743 877
478 709
153 664
407 796
187 274
98 504
583 874
144 454
641 793
335 907
97 885
132 605
66 125
369 736
173 886
56 529
491 629
316 346
146 595
51 565
243 302
47 86
42 57
677 765
124 151
631 830
410 828
214 774
180 759
176 774
146 782
63 364
200 317
102 789
336 655
39 411
338 668
70 807
200 207
82 312
51 517
185 446
19 557
466 500
757 912
441 923
513 916
291 515
158 321
262 741
247 707
288 433
43 144
120 819
263 555
210 732
107 524
116 504
429 832
12 741
535 793
250 520
401 867
241 296
278 858
12 436
279 927
596 625
775 788
301 723
408 764
30 743
217 694
268 608
68 564
507 926
581 927
137 852
164 301
20 21
74 529
441 481
408 871
258 820
79 299
434 498
124 880
68 649
348 461
13 344
438 599
200 533
691 778
231 497
341 511
729 814
360 759
142 242
7 555
599 834
600 860
35 180
536 860
466 738
347 360
17 22
280 803
3 844
830 900
285 732
194 796
600 765
119 617
75 211
490 809
101 752
344 384
732 897
261 638
279 578
577 578
218 300
227 795
252 872
39 65
127 647
343 463
618 721
382 410
583 635
577 711
39 881
30 808
152 545
19 187
226 310
349 888
241 886
126 170
647 855
158 750
419 432
435 606
768 817
36 908
271 385
313 892
175 317
182 579
776 826
9 196
772 831
223 864
180 624
422 833
422 557
201 253
74 603
43 119
140 922
104 781
156 265
74 520
39 398
42 569
229 616
121 515
158 422
112 816
123 738
243 485
536 877
271 502
380 802
439 846
63 639
451 862
766 825
218 906
405 735
120 362
13 753
344 484
565 853
474 756
351 908
19 775
798 860
264 382
137 616
340 354
270 396
18 70
189 290
192 858
683 764
507 913
22 856
459 658
122 320
363 732
394 426
87 890
372 428
173 775
314 692
231 624
533 777
512 738
537 677
26 470
24 665
92 671
253 380
655 853
558 875
352 356
139 498
219 221
316 477
584 716
202 469
16 562
674 811
44 877
374 716
6 636
42 627
385 891
474 822
458 582
105 145
393 634
95 897
773 781
770 858
725 781
293 744
31 677
34 679
74 293
68 126
250 422
587 689
312 341
236 389
165 806
331 478
327 864
220 582
64 155
110 443
329 668
22 381
451 747
204 416
165 795
304 609
503 581
274 829
45 796
568 615
103 147
378 533
348 479
629 682
612 840
229 385
551 879
79 638
444 547
13 301
331 623
436 878
104 645
110 608
292 869
424 575
496 739
392 414
149 460
59 406
98 647
268 270
164 489
365 713
97 877
782 869
94 426
648 824
470 746
120 430
210 568
662 713
137 580
414 439
787 925
172 424
393 511
377 551
297 916
34 77
228 635
160 287
785 840
366 711
32 853
645 733
320 763
411 576
347 682
57 209
2 857
533 907
373 795
694 826
57 627
808 909
120 674
100 108
109 352
78 400
71 246
224 567
478 578
315 591
319 375
7 46
279 806
341 343
401 843
371 698
343 909
270 360
104 531
592 855
341 604
514 690
204 319
498 601
304 449
754 898
351 782
241 923
79 445
632 718
329 482
492 826
94 278
525 865
581 663
100 395
283 913
410 799
393 876
208 874
447 488
438 482
181 846
278 380
31 595
389 705
477 797
415 886
481 540
59 197
337 388
784 806
264 370
125 688
559 841
353 884
49 375
164 363
473 619
83 808
56 642
79 743
227 285
313 735
502 826
280 321
168 309
768 829
182 917
683 747
314 469
227 535
423 721
499 709
135 226
195 752
251 910
12 627
16 584
408 734
111 263
127 781
275 620
623 819
293 576
385 541
183 688
294 499
131 914
462 492
72 722
468 806
383 664
358 704
13 867
596 783
671 768
25 838
309 735
76 731
157 820
67 179
826 476
9BD65C4CA55225BC580373C59063E7EC3F6F0CBF610D2B42DF121C53772F3E6440097C5D9B7666A2A335FBEF3A8D58
581 587
231 472
494 607
290 570
219 625
176 215
11 362
87 177
408 440
127 421
97 177
708 781
352 598
415 798
308 545
771 774
23 318
40 526
181 346
471 511
56 370
217 693
348 610
233 403
434 780
619 636
5 135
268 411
246 640
724 762
122 587
297 740
488 640
276 789
298 664
458 490
128 720
129 404
122 733
144 740
403 706
155 391
32 60
268 735
195 292
274 735
342 640
739 761
246 337
220 571
362 470
622 752
141 799
54 91
477 597
143 189
557 805
101 703
36 298
116 815
143 313
335 798
332 660
386 809
148 434
113 762
334 623
390 414
7 83
260 666
88 807
445 448
125 812
356 735
302 470
103 201
100 167
304 695
222 820
175 424
300 552
508 796
522 740
127 201
134 199
496 745
5 800
536 578
558 700
176 283
198 760
250 383
160 309
179 356
209 222
15 563
75 597
259 686
189 209
75 241
303 817
126 768
620 792
29 629
383 636
163 242
189 313
64 345
95 670
498 576
245 729
226 711
403 531
149 541
434 826
405 420
341 781
22 596
366 571
405 741
128 139
47 434
253 753
28 394
272 541
392 761
18 45
698 803
55 249
560 795
104 580
143 745
376 724
728 765
44 221
188 806
499 573
225 272
235 767
414 727
220 455
117 334
212 264
245 501
122 242
324 753
419 660
179 805
75 793
556 755
61 82
48 794
42 74
583 666
110 170
447 632
179 397
148 584
182 383
299 682
544 679
118 309
333 766
307 807
108 420
57 787
23 64
262 292
503 567
132 636
349 713
557 662
85 102
450 730
141 716
134 338
369 451
12 649
346 379
141 351
574 794
40 444
529 764
17 476
300 698
120 630
136 261
265 804
314 658
742 780
195 709
115 609
99 424
100 598
81 605
314 649
17 320
201 244
1 338
85 749
209 411
276 473
73 181
144 220
566 735
269 804
383 646
32 816
315 559
359 653
174 238
323 325
267 461
432 810
174 803
76 85
299 518
65 526
235 362
524 611
41 335
386 631
516 636
99 398
341 556
262 368
2 565
649 826
58 755
494 795
99 131
399 520
461 711
133 320
719 767
191 522
201 217
527 782
273 566
243 597
227 669
518 708
67 247
187 610
215 619
89 404
254 457
128 436
152 199
477 685
144 812
212 623
60 825
152 473
65 421
362 707
767 826
15 491
412 483
36 55
32 281
515 718
185 578
36 306
235 652
224 733
375 467
107 218
413 821
238 576
215 800
17 565
658 677
66 770
261 402
423 773
233 558
252 305
377 405
252 394
209 605
467 594
357 806
176 568
232 321
37 305
708 778
23 283
366 487
677 781
536 659
244 464
313 590
196 308
703 712
576 692
21 733
393 697
33 343
81 730
102 701
393 527
586 789
9 294
456 801
195 318
249 619
178 227
352 767
267 621
194 660
84 694
143 639
345 525
410 748
93 606
336 704
202 587
212 374
64 801
281 449
306 437
449 692
4 536
167 443
284 366
58 199
561 633
215 401
207 356
273 480
19 370
22 115
226 433
300 326
259 291
199 369
525 634
322 354
150 806
250 713
348 422
773 807
713 753
467 614
161 397
182 249
188 561
101 194
776 808
170 710
238 433
110 431
629 651
712 801
220 315
89 710
307 637
507 532
663 718
460 700
583 659
433 544
192 510
270 483
301 794
12 645
539 650
316 325
103 767
184 328
103 222
270 505
482 822
496 580
242 705
269 422
3 186
470 541
31 387
700 703
128 416
90 337
27 248
362 416
599 657
428 660
381 779
476 782
262 288
100 364
301 767
383 657
154 505
650 653
395 525
150 687
579 816
177 538
139 639
135 764
351 535
540 630
25 434
313 823
489 781
331 396
386 792
550 594
397 514
310 532
208 474
348 680
620 770
648 654
149 614
108 244
457 758
369 530
170 449
216 218
98 267
233 540
47 62
99 222
388 716
325 665
702 807
87 261
252 327
2 505
241 463
383 407
56 759
213 716
138 537
417 588
422 720
112 552
365 625
193 477
155 372
322 459
7 562
337 349
795 799
274 358
280 664
201 506
17 760
361 772
193 521
13 540
25 68
30 442
22 523
426 631
185 327
199 223
533 623
110 668
117 353
261 604
742 812
118 750
381 519
49 542
493 735
380 491
130 323
489 594
18 176
188 348
401 608
224 799
277 423
